%Cpu(s):  0.5 us,  0.4 sy,  0.0 ni, 98.7 id,  0.0 wa,  0.1 hi,  0.3 si,  0.0 st
%Cpu(s):  0.8 us,  8.9 sy,  0.0 ni, 84.6 id,  0.0 wa,  1.5 hi,  4.2 si,  0.0 st
%Cpu(s):  0.9 us,  7.8 sy,  0.0 ni, 82.8 id,  0.0 wa,  2.5 hi,  6.0 si,  0.0 st
%Cpu(s):  0.9 us,  7.8 sy,  0.0 ni, 83.4 id,  0.0 wa,  1.3 hi,  6.6 si,  0.0 st
%Cpu(s):  1.0 us,  8.0 sy,  0.0 ni, 83.8 id,  0.1 wa,  1.4 hi,  5.7 si,  0.0 st
%Cpu(s):  0.9 us,  8.2 sy,  0.0 ni, 83.7 id,  0.0 wa,  1.6 hi,  5.6 si,  0.0 st
%Cpu(s):  0.6 us,  8.0 sy,  0.0 ni, 83.7 id,  0.0 wa,  1.3 hi,  6.5 si,  0.0 st
%Cpu(s):  0.9 us,  8.3 sy,  0.0 ni, 83.9 id,  0.0 wa,  1.0 hi,  6.0 si,  0.0 st
%Cpu(s):  0.6 us,  8.0 sy,  0.0 ni, 83.9 id,  0.0 wa,  1.4 hi,  6.1 si,  0.0 st
%Cpu(s):  0.8 us,  7.2 sy,  0.0 ni, 84.1 id,  0.0 wa,  1.3 hi,  6.6 si,  0.0 st
%Cpu(s):  1.1 us,  7.2 sy,  0.0 ni, 83.4 id,  0.0 wa,  1.6 hi,  6.6 si,  0.0 st
%Cpu(s):  0.9 us,  8.1 sy,  0.0 ni, 83.5 id,  0.1 wa,  1.5 hi,  5.9 si,  0.0 st
%Cpu(s):  0.6 us,  7.2 sy,  0.0 ni, 84.1 id,  0.0 wa,  1.6 hi,  6.3 si,  0.0 st
%Cpu(s):  0.9 us,  7.4 sy,  0.0 ni, 83.9 id,  0.0 wa,  1.5 hi,  6.3 si,  0.0 st
%Cpu(s):  0.8 us,  7.7 sy,  0.0 ni, 83.6 id,  0.0 wa,  1.6 hi,  6.3 si,  0.0 st
%Cpu(s):  0.6 us,  7.5 sy,  0.0 ni, 83.6 id,  0.1 wa,  1.6 hi,  6.6 si,  0.0 st
%Cpu(s):  1.0 us,  7.1 sy,  0.0 ni, 83.2 id,  0.0 wa,  2.6 hi,  6.0 si,  0.0 st
%Cpu(s):  0.9 us,  7.4 sy,  0.0 ni, 81.7 id,  0.0 wa,  3.6 hi,  6.4 si,  0.0 st
%Cpu(s):  0.6 us,  7.6 sy,  0.0 ni, 83.9 id,  0.0 wa,  1.3 hi,  6.6 si,  0.0 st
%Cpu(s):  0.8 us,  8.0 sy,  0.0 ni, 83.9 id,  0.0 wa,  1.1 hi,  6.2 si,  0.0 st
%Cpu(s):  0.9 us,  8.2 sy,  0.0 ni, 83.0 id,  0.0 wa,  1.4 hi,  6.5 si,  0.0 st
%Cpu(s):  0.8 us, 10.0 sy,  0.0 ni, 78.0 id,  0.0 wa,  1.8 hi,  9.4 si,  0.0 st
%Cpu(s):  1.0 us, 10.3 sy,  0.0 ni, 77.4 id,  0.0 wa,  1.8 hi,  9.5 si,  0.0 st
%Cpu(s):  1.0 us, 10.2 sy,  0.0 ni, 77.7 id,  0.1 wa,  1.9 hi,  9.1 si,  0.0 st
%Cpu(s):  1.0 us, 10.1 sy,  0.0 ni, 77.7 id,  0.0 wa,  1.9 hi,  9.2 si,  0.0 st
%Cpu(s):  1.2 us, 10.0 sy,  0.0 ni, 77.6 id,  0.0 wa,  2.1 hi,  9.1 si,  0.0 st
%Cpu(s):  0.9 us, 10.1 sy,  0.0 ni, 77.9 id,  0.0 wa,  1.8 hi,  9.2 si,  0.0 st
%Cpu(s):  0.9 us,  9.9 sy,  0.0 ni, 78.3 id,  0.0 wa,  1.8 hi,  9.1 si,  0.0 st
%Cpu(s):  1.0 us,  9.7 sy,  0.0 ni, 78.1 id,  0.0 wa,  1.9 hi,  9.3 si,  0.0 st
%Cpu(s):  1.0 us,  9.8 sy,  0.0 ni, 78.0 id,  0.0 wa,  1.9 hi,  9.3 si,  0.0 st
%Cpu(s):  0.8 us, 10.3 sy,  0.0 ni, 78.0 id,  0.0 wa,  1.8 hi,  9.1 si,  0.0 st
%Cpu(s):  0.9 us, 10.1 sy,  0.0 ni, 77.5 id,  0.1 wa,  2.2 hi,  9.2 si,  0.0 st
%Cpu(s):  1.4 us,  9.5 sy,  0.0 ni, 77.8 id,  0.0 wa,  2.1 hi,  9.3 si,  0.0 st
%Cpu(s):  1.0 us,  9.8 sy,  0.0 ni, 78.1 id,  0.0 wa,  1.9 hi,  9.1 si,  0.0 st
%Cpu(s):  0.8 us,  9.7 sy,  0.0 ni, 74.5 id,  3.4 wa,  2.6 hi,  9.1 si,  0.0 st
%Cpu(s):  1.2 us, 10.2 sy,  0.0 ni, 77.7 id,  0.0 wa,  1.8 hi,  9.1 si,  0.0 st
%Cpu(s):  0.9 us, 10.1 sy,  0.0 ni, 77.7 id,  0.0 wa,  2.0 hi,  9.2 si,  0.0 st
%Cpu(s):  0.8 us, 10.0 sy,  0.0 ni, 78.2 id,  0.1 wa,  1.8 hi,  9.1 si,  0.0 st
%Cpu(s):  1.0 us, 10.3 sy,  0.0 ni, 77.4 id,  0.0 wa,  2.1 hi,  9.2 si,  0.0 st
%Cpu(s):  0.9 us, 10.0 sy,  0.0 ni, 78.0 id,  0.0 wa,  2.1 hi,  9.0 si,  0.0 st
%Cpu(s):  1.1 us, 10.1 sy,  0.0 ni, 77.8 id,  0.0 wa,  2.0 hi,  8.9 si,  0.0 st
%Cpu(s):  1.0 us, 10.1 sy,  0.0 ni, 77.3 id,  0.0 wa,  2.0 hi,  9.6 si,  0.0 st
%Cpu(s):  1.0 us, 10.2 sy,  0.0 ni, 77.5 id,  0.0 wa,  2.2 hi,  9.1 si,  0.0 st
%Cpu(s):  0.9 us, 10.2 sy,  0.0 ni, 77.2 id,  0.0 wa,  2.5 hi,  9.2 si,  0.0 st
%Cpu(s):  1.2 us, 10.4 sy,  0.0 ni, 77.2 id,  0.1 wa,  1.9 hi,  9.2 si,  0.0 st
%Cpu(s):  1.0 us, 10.0 sy,  0.0 ni, 77.5 id,  0.0 wa,  2.0 hi,  9.5 si,  0.0 st
%Cpu(s):  0.6 us,  9.9 sy,  0.0 ni, 78.6 id,  0.0 wa,  1.9 hi,  8.9 si,  0.0 st
%Cpu(s):  1.0 us, 10.1 sy,  0.0 ni, 77.9 id,  0.0 wa,  1.8 hi,  9.1 si,  0.0 st
%Cpu(s):  1.3 us, 10.2 sy,  0.0 ni, 76.9 id,  0.1 wa,  2.0 hi,  9.4 si,  0.0 st
%Cpu(s):  0.8 us, 10.4 sy,  0.0 ni, 77.7 id,  0.0 wa,  2.2 hi,  9.0 si,  0.0 st
%Cpu(s):  0.9 us, 10.4 sy,  0.0 ni, 77.4 id,  0.1 wa,  2.0 hi,  9.1 si,  0.0 st
%Cpu(s):  1.0 us, 10.3 sy,  0.0 ni, 77.0 id,  0.0 wa,  2.0 hi,  9.6 si,  0.0 st
%Cpu(s):  1.0 us,  9.9 sy,  0.0 ni, 78.2 id,  0.0 wa,  2.1 hi,  8.8 si,  0.0 st
%Cpu(s):  1.0 us, 10.2 sy,  0.0 ni, 77.3 id,  0.0 wa,  2.2 hi,  9.3 si,  0.0 st
%Cpu(s):  0.8 us, 10.5 sy,  0.0 ni, 77.4 id,  0.1 wa,  1.9 hi,  9.3 si,  0.0 st
%Cpu(s):  0.9 us, 10.2 sy,  0.0 ni, 77.3 id,  0.0 wa,  2.2 hi,  9.3 si,  0.0 st
%Cpu(s):  0.8 us, 10.5 sy,  0.0 ni, 77.4 id,  0.0 wa,  2.3 hi,  9.1 si,  0.0 st
%Cpu(s):  1.2 us, 10.1 sy,  0.0 ni, 77.5 id,  0.0 wa,  1.9 hi,  9.2 si,  0.0 st
%Cpu(s):  0.8 us, 10.1 sy,  0.0 ni, 77.6 id,  0.0 wa,  1.9 hi,  9.6 si,  0.0 st
%Cpu(s):  0.9 us,  9.9 sy,  0.0 ni, 77.9 id,  0.1 wa,  2.2 hi,  9.0 si,  0.0 st
%Cpu(s):  1.2 us,  9.5 sy,  0.0 ni, 78.1 id,  0.0 wa,  1.9 hi,  9.3 si,  0.0 st
%Cpu(s):  1.0 us, 10.0 sy,  0.0 ni, 77.4 id,  0.0 wa,  2.4 hi,  9.2 si,  0.0 st
%Cpu(s):  1.0 us, 10.3 sy,  0.0 ni, 77.3 id,  0.1 wa,  1.8 hi,  9.5 si,  0.0 st
%Cpu(s):  0.8 us, 11.0 sy,  0.0 ni, 77.2 id,  0.0 wa,  2.0 hi,  9.0 si,  0.0 st
%Cpu(s):  1.2 us, 10.1 sy,  0.0 ni, 74.3 id,  3.1 wa,  2.1 hi,  9.2 si,  0.0 st
%Cpu(s):  1.2 us, 10.1 sy,  0.0 ni, 77.5 id,  0.0 wa,  2.0 hi,  9.2 si,  0.0 st
%Cpu(s):  0.6 us,  9.9 sy,  0.0 ni, 77.8 id,  0.0 wa,  2.2 hi,  9.5 si,  0.0 st
%Cpu(s):  1.0 us,  9.9 sy,  0.0 ni, 78.1 id,  0.0 wa,  2.1 hi,  8.9 si,  0.0 st
%Cpu(s):  1.0 us, 10.1 sy,  0.0 ni, 77.7 id,  0.0 wa,  2.1 hi,  9.1 si,  0.0 st
%Cpu(s):  0.9 us,  9.4 sy,  0.0 ni, 78.3 id,  0.1 wa,  2.1 hi,  9.2 si,  0.0 st
%Cpu(s):  0.9 us, 10.2 sy,  0.0 ni, 77.7 id,  0.0 wa,  2.0 hi,  9.1 si,  0.0 st
%Cpu(s):  0.9 us,  9.7 sy,  0.0 ni, 78.2 id,  0.0 wa,  2.2 hi,  9.0 si,  0.0 st
%Cpu(s):  0.8 us, 10.3 sy,  0.0 ni, 77.6 id,  0.0 wa,  1.9 hi,  9.5 si,  0.0 st
%Cpu(s):  0.9 us, 10.1 sy,  0.0 ni, 77.4 id,  0.0 wa,  2.1 hi,  9.5 si,  0.0 st
%Cpu(s):  1.2 us, 10.1 sy,  0.0 ni, 77.8 id,  0.1 wa,  2.1 hi,  8.7 si,  0.0 st
%Cpu(s):  1.0 us, 10.2 sy,  0.0 ni, 77.2 id,  0.0 wa,  2.2 hi,  9.4 si,  0.0 st
%Cpu(s):  1.0 us, 10.3 sy,  0.0 ni, 77.6 id,  0.1 wa,  2.1 hi,  9.0 si,  0.0 st
%Cpu(s):  0.8 us, 10.0 sy,  0.0 ni, 77.8 id,  0.0 wa,  2.1 hi,  9.4 si,  0.0 st
%Cpu(s):  0.8 us,  9.9 sy,  0.0 ni, 78.2 id,  0.0 wa,  2.1 hi,  9.0 si,  0.0 st
%Cpu(s):  1.0 us, 10.6 sy,  0.0 ni, 77.2 id,  0.0 wa,  2.0 hi,  9.2 si,  0.0 st
%Cpu(s):  1.0 us,  9.9 sy,  0.0 ni, 77.8 id,  0.1 wa,  2.1 hi,  9.1 si,  0.0 st
%Cpu(s):  1.1 us, 10.2 sy,  0.0 ni, 77.3 id,  0.0 wa,  2.2 hi,  9.2 si,  0.0 st
%Cpu(s):  0.6 us, 10.4 sy,  0.0 ni, 78.0 id,  0.0 wa,  1.9 hi,  9.1 si,  0.0 st
%Cpu(s):  0.9 us, 10.6 sy,  0.0 ni, 77.1 id,  0.0 wa,  2.2 hi,  9.2 si,  0.0 st
%Cpu(s):  0.9 us,  9.9 sy,  0.0 ni, 77.3 id,  0.3 wa,  2.3 hi,  9.3 si,  0.0 st
%Cpu(s):  0.9 us, 10.0 sy,  0.0 ni, 77.9 id,  0.0 wa,  1.8 hi,  9.4 si,  0.0 st
%Cpu(s):  0.9 us,  9.8 sy,  0.0 ni, 78.0 id,  0.0 wa,  2.1 hi,  9.3 si,  0.0 st
%Cpu(s):  1.0 us, 10.0 sy,  0.0 ni, 77.8 id,  0.0 wa,  2.0 hi,  9.1 si,  0.0 st
%Cpu(s):  0.8 us,  9.8 sy,  0.0 ni, 78.1 id,  0.0 wa,  2.2 hi,  9.1 si,  0.0 st
%Cpu(s):  0.9 us, 10.6 sy,  0.0 ni, 77.3 id,  0.1 wa,  1.9 hi,  9.2 si,  0.0 st
%Cpu(s):  1.0 us, 10.3 sy,  0.0 ni, 77.3 id,  0.0 wa,  2.2 hi,  9.2 si,  0.0 st
%Cpu(s):  0.9 us, 10.1 sy,  0.0 ni, 77.7 id,  0.0 wa,  2.1 hi,  9.2 si,  0.0 st
%Cpu(s):  0.8 us,  9.8 sy,  0.0 ni, 77.5 id,  0.0 wa,  2.5 hi,  9.4 si,  0.0 st
%Cpu(s):  1.0 us, 10.4 sy,  0.0 ni, 77.4 id,  0.0 wa,  1.9 hi,  9.2 si,  0.0 st
%Cpu(s):  0.8 us, 10.6 sy,  0.0 ni, 73.9 id,  2.5 wa,  1.9 hi, 10.4 si,  0.0 st
%Cpu(s):  0.8 us, 10.5 sy,  0.0 ni, 77.9 id,  0.5 wa,  1.8 hi,  8.5 si,  0.0 st
%Cpu(s):  1.2 us, 10.4 sy,  0.0 ni, 77.4 id,  0.0 wa,  2.1 hi,  9.0 si,  0.0 st
%Cpu(s):  1.0 us,  9.8 sy,  0.0 ni, 78.0 id,  0.0 wa,  2.2 hi,  9.0 si,  0.0 st
%Cpu(s):  0.9 us, 10.4 sy,  0.0 ni, 78.0 id,  0.0 wa,  1.9 hi,  8.7 si,  0.0 st
%Cpu(s):  0.9 us,  9.5 sy,  0.0 ni, 77.9 id,  0.1 wa,  2.4 hi,  9.1 si,  0.0 st
%Cpu(s):  1.2 us,  9.6 sy,  0.0 ni, 77.8 id,  0.0 wa,  1.9 hi,  9.5 si,  0.0 st
%Cpu(s):  0.9 us, 10.7 sy,  0.0 ni, 77.0 id,  0.0 wa,  2.3 hi,  9.1 si,  0.0 st
%Cpu(s):  0.6 us, 10.1 sy,  0.0 ni, 77.5 id,  0.0 wa,  1.8 hi, 10.0 si,  0.0 st
%Cpu(s):  1.2 us, 10.6 sy,  0.0 ni, 77.5 id,  0.1 wa,  2.0 hi,  8.6 si,  0.0 st
%Cpu(s):  0.9 us, 10.4 sy,  0.0 ni, 77.5 id,  0.0 wa,  2.0 hi,  9.2 si,  0.0 st
%Cpu(s):  0.9 us,  9.7 sy,  0.0 ni, 78.0 id,  0.0 wa,  2.0 hi,  9.3 si,  0.0 st
%Cpu(s):  1.0 us, 10.5 sy,  0.0 ni, 77.4 id,  0.0 wa,  2.1 hi,  9.0 si,  0.0 st
%Cpu(s):  0.9 us, 10.4 sy,  0.0 ni, 77.3 id,  0.0 wa,  2.2 hi,  9.2 si,  0.0 st
%Cpu(s):  1.0 us,  9.8 sy,  0.0 ni, 78.0 id,  0.0 wa,  1.9 hi,  9.3 si,  0.0 st
%Cpu(s):  1.0 us,  9.7 sy,  0.0 ni, 77.7 id,  0.1 wa,  2.1 hi,  9.4 si,  0.0 st
%Cpu(s):  1.0 us,  9.8 sy,  0.0 ni, 77.6 id,  0.0 wa,  2.0 hi,  9.6 si,  0.0 st
%Cpu(s):  0.9 us, 10.5 sy,  0.0 ni, 77.7 id,  0.1 wa,  2.2 hi,  8.7 si,  0.0 st
%Cpu(s):  0.9 us, 10.2 sy,  0.0 ni, 77.7 id,  0.0 wa,  1.9 hi,  9.2 si,  0.0 st
%Cpu(s):  1.0 us, 10.3 sy,  0.0 ni, 77.2 id,  0.0 wa,  2.2 hi,  9.4 si,  0.0 st
%Cpu(s):  1.2 us, 10.0 sy,  0.0 ni, 77.5 id,  0.1 wa,  2.0 hi,  9.2 si,  0.0 st
%Cpu(s):  0.6 us,  9.9 sy,  0.0 ni, 77.9 id,  0.1 wa,  2.1 hi,  9.4 si,  0.0 st
%Cpu(s):  0.9 us, 10.5 sy,  0.0 ni, 77.5 id,  0.0 wa,  2.0 hi,  9.1 si,  0.0 st
%Cpu(s):  1.1 us, 10.1 sy,  0.0 ni, 77.4 id,  0.0 wa,  2.2 hi,  9.2 si,  0.0 st
%Cpu(s):  0.9 us, 10.2 sy,  0.0 ni, 77.6 id,  0.0 wa,  2.2 hi,  9.2 si,  0.0 st
%Cpu(s):  0.8 us,  9.6 sy,  0.0 ni, 78.4 id,  0.0 wa,  2.1 hi,  9.2 si,  0.0 st
%Cpu(s):  0.9 us,  9.2 sy,  0.0 ni, 79.6 id,  0.0 wa,  1.8 hi,  8.5 si,  0.0 st
%Cpu(s):  0.9 us,  7.4 sy,  0.0 ni, 83.9 id,  0.0 wa,  1.6 hi,  6.2 si,  0.0 st
%Cpu(s):  0.8 us,  7.5 sy,  0.0 ni, 83.1 id,  0.0 wa,  1.6 hi,  6.9 si,  0.0 st
%Cpu(s):  0.8 us,  7.6 sy,  0.0 ni, 83.9 id,  0.1 wa,  1.6 hi,  5.9 si,  0.0 st
%Cpu(s):  0.8 us,  7.6 sy,  0.0 ni, 83.9 id,  0.0 wa,  1.5 hi,  6.2 si,  0.0 st
%Cpu(s):  0.8 us,  7.5 sy,  0.0 ni, 79.9 id,  3.8 wa,  1.6 hi,  6.5 si,  0.0 st
%Cpu(s):  0.6 us,  7.7 sy,  0.0 ni, 83.4 id,  0.0 wa,  1.6 hi,  6.7 si,  0.0 st
%Cpu(s):  0.8 us,  7.7 sy,  0.0 ni, 83.5 id,  0.1 wa,  1.8 hi,  6.2 si,  0.0 st
%Cpu(s):  0.9 us,  7.9 sy,  0.0 ni, 83.8 id,  0.0 wa,  1.5 hi,  6.0 si,  0.0 st
%Cpu(s):  0.7 us,  7.6 sy,  0.0 ni, 82.3 id,  0.0 wa,  2.9 hi,  6.5 si,  0.0 st
%Cpu(s):  0.9 us,  7.5 sy,  0.0 ni, 83.1 id,  0.0 wa,  1.6 hi,  6.8 si,  0.0 st
%Cpu(s):  0.6 us,  8.1 sy,  0.0 ni, 83.7 id,  0.0 wa,  1.8 hi,  5.8 si,  0.0 st
%Cpu(s):  0.6 us,  8.0 sy,  0.0 ni, 84.0 id,  0.0 wa,  1.0 hi,  6.3 si,  0.0 st
%Cpu(s):  0.6 us,  7.7 sy,  0.0 ni, 83.8 id,  0.1 wa,  1.6 hi,  6.1 si,  0.0 st
%Cpu(s):  0.9 us,  7.7 sy,  0.0 ni, 83.5 id,  0.0 wa,  1.4 hi,  6.5 si,  0.0 st
%Cpu(s):  0.5 us,  7.7 sy,  0.0 ni, 83.8 id,  0.0 wa,  1.5 hi,  6.5 si,  0.0 st
%Cpu(s):  0.9 us,  7.5 sy,  0.0 ni, 82.9 id,  0.0 wa,  1.2 hi,  7.5 si,  0.0 st
%Cpu(s):  0.8 us,  8.2 sy,  0.0 ni, 83.2 id,  0.0 wa,  1.5 hi,  6.3 si,  0.0 st
%Cpu(s):  0.8 us,  7.9 sy,  0.0 ni, 83.9 id,  0.0 wa,  1.9 hi,  5.6 si,  0.0 st
%Cpu(s):  0.9 us,  8.0 sy,  0.0 ni, 83.9 id,  0.0 wa,  1.4 hi,  5.8 si,  0.0 st
%Cpu(s):  1.1 us,  6.2 sy,  0.0 ni, 87.3 id,  0.0 wa,  1.1 hi,  4.3 si,  0.0 st
%Cpu(s):  2.6 us,  2.6 sy,  0.3 ni, 94.1 id,  0.0 wa,  0.3 hi,  0.1 si,  0.0 st
%Cpu(s):  0.6 us,  0.8 sy,  0.0 ni, 98.4 id,  0.1 wa,  0.0 hi,  0.1 si,  0.0 st
%Cpu(s):  0.0 us,  0.0 sy,  0.0 ni, 99.3 id,  0.0 wa,  0.7 hi,  0.0 si,  0.0 st
%Cpu(s):  0.2 us,  0.4 sy,  0.0 ni, 95.3 id,  0.0 wa,  0.0 hi,  4.1 si,  0.0 st
