%Cpu(s):  0.4 us,  0.4 sy,  0.0 ni, 98.8 id,  0.0 wa,  0.1 hi,  0.3 si,  0.0 st
%Cpu(s):  0.9 us,  9.4 sy,  0.0 ni, 81.2 id,  0.0 wa,  1.5 hi,  7.0 si,  0.0 st
%Cpu(s):  0.8 us,  9.3 sy,  0.0 ni, 81.4 id,  0.0 wa,  1.5 hi,  7.1 si,  0.0 st
%Cpu(s):  0.9 us,  9.6 sy,  0.0 ni, 80.5 id,  0.0 wa,  1.5 hi,  7.6 si,  0.0 st
%Cpu(s):  0.7 us,  9.9 sy,  0.0 ni, 80.4 id,  0.1 wa,  1.6 hi,  7.2 si,  0.0 st
%Cpu(s):  0.7 us,  9.4 sy,  0.0 ni, 80.6 id,  0.0 wa,  1.5 hi,  7.7 si,  0.0 st
%Cpu(s):  0.6 us,  8.8 sy,  0.0 ni, 81.9 id,  0.0 wa,  1.4 hi,  7.2 si,  0.0 st
%Cpu(s):  0.8 us,  9.0 sy,  0.0 ni, 81.2 id,  0.0 wa,  1.4 hi,  7.6 si,  0.0 st
%Cpu(s):  0.7 us,  9.5 sy,  0.0 ni, 79.8 id,  0.0 wa,  1.4 hi,  8.6 si,  0.0 st
%Cpu(s):  0.9 us,  9.5 sy,  0.0 ni, 80.8 id,  0.0 wa,  1.5 hi,  7.3 si,  0.0 st
%Cpu(s):  1.0 us,  9.4 sy,  0.0 ni, 81.2 id,  0.0 wa,  1.5 hi,  6.9 si,  0.0 st
%Cpu(s):  1.0 us,  9.8 sy,  0.0 ni, 80.1 id,  0.0 wa,  1.5 hi,  7.6 si,  0.0 st
%Cpu(s):  0.6 us,  9.7 sy,  0.0 ni, 80.4 id,  0.1 wa,  1.4 hi,  7.8 si,  0.0 st
%Cpu(s):  0.7 us,  9.5 sy,  0.0 ni, 80.8 id,  0.0 wa,  1.5 hi,  7.5 si,  0.0 st
%Cpu(s):  0.9 us,  9.5 sy,  0.0 ni, 80.8 id,  0.0 wa,  1.4 hi,  7.5 si,  0.0 st
%Cpu(s):  1.0 us,  8.7 sy,  0.0 ni, 80.8 id,  0.0 wa,  1.5 hi,  8.0 si,  0.0 st
%Cpu(s):  0.7 us,  9.7 sy,  0.0 ni, 80.9 id,  0.0 wa,  1.4 hi,  7.2 si,  0.0 st
%Cpu(s):  0.9 us,  9.4 sy,  0.0 ni, 80.7 id,  0.0 wa,  1.5 hi,  7.6 si,  0.0 st
%Cpu(s):  1.0 us,  8.8 sy,  0.0 ni, 81.1 id,  0.1 wa,  1.5 hi,  7.5 si,  0.0 st
%Cpu(s):  0.9 us,  9.1 sy,  0.0 ni, 80.9 id,  0.0 wa,  1.5 hi,  7.6 si,  0.0 st
%Cpu(s):  0.6 us,  9.5 sy,  0.0 ni, 80.3 id,  0.0 wa,  1.4 hi,  8.1 si,  0.0 st
%Cpu(s):  1.0 us, 11.9 sy,  0.0 ni, 76.5 id,  0.0 wa,  1.4 hi,  9.2 si,  0.0 st
%Cpu(s):  1.0 us, 12.3 sy,  0.0 ni, 75.9 id,  0.0 wa,  1.4 hi,  9.5 si,  0.0 st
%Cpu(s):  1.1 us, 12.1 sy,  0.0 ni, 75.9 id,  0.0 wa,  1.4 hi,  9.5 si,  0.0 st
%Cpu(s):  1.1 us, 12.4 sy,  0.0 ni, 75.9 id,  0.0 wa,  1.4 hi,  9.2 si,  0.0 st
%Cpu(s):  0.9 us, 12.1 sy,  0.0 ni, 76.1 id,  0.0 wa,  1.4 hi,  9.5 si,  0.0 st
%Cpu(s):  1.0 us, 12.1 sy,  0.0 ni, 75.9 id,  0.1 wa,  1.4 hi,  9.5 si,  0.0 st
%Cpu(s):  0.9 us, 11.8 sy,  0.0 ni, 76.6 id,  0.0 wa,  1.3 hi,  9.4 si,  0.0 st
%Cpu(s):  1.0 us, 11.8 sy,  0.0 ni, 76.3 id,  0.0 wa,  1.4 hi,  9.5 si,  0.0 st
%Cpu(s):  0.8 us, 12.1 sy,  0.0 ni, 76.3 id,  0.1 wa,  1.4 hi,  9.3 si,  0.0 st
%Cpu(s):  1.4 us, 12.2 sy,  0.0 ni, 75.6 id,  0.0 wa,  1.4 hi,  9.3 si,  0.0 st
%Cpu(s):  1.0 us, 11.8 sy,  0.0 ni, 76.5 id,  0.0 wa,  1.3 hi,  9.4 si,  0.0 st
%Cpu(s):  1.0 us, 11.5 sy,  0.0 ni, 73.4 id,  3.0 wa,  1.4 hi,  9.6 si,  0.0 st
%Cpu(s):  0.9 us, 11.6 sy,  0.0 ni, 76.5 id,  0.0 wa,  1.6 hi,  9.4 si,  0.0 st
%Cpu(s):  0.9 us, 11.9 sy,  0.0 ni, 76.7 id,  0.0 wa,  1.3 hi,  9.3 si,  0.0 st
%Cpu(s):  0.9 us, 11.7 sy,  0.0 ni, 76.6 id,  0.0 wa,  1.4 hi,  9.5 si,  0.0 st
%Cpu(s):  1.1 us, 12.1 sy,  0.0 ni, 76.0 id,  0.0 wa,  1.3 hi,  9.5 si,  0.0 st
%Cpu(s):  1.3 us, 12.0 sy,  0.0 ni, 75.6 id,  0.1 wa,  1.4 hi,  9.6 si,  0.0 st
%Cpu(s):  1.1 us, 12.5 sy,  0.0 ni, 75.7 id,  0.0 wa,  1.4 hi,  9.3 si,  0.0 st
%Cpu(s):  1.0 us, 11.6 sy,  0.0 ni, 76.7 id,  0.0 wa,  1.3 hi,  9.4 si,  0.0 st
%Cpu(s):  0.9 us, 11.9 sy,  0.0 ni, 76.2 id,  0.0 wa,  1.5 hi,  9.5 si,  0.0 st
%Cpu(s):  1.0 us, 11.9 sy,  0.0 ni, 76.2 id,  0.0 wa,  1.5 hi,  9.4 si,  0.0 st
%Cpu(s):  1.0 us, 11.9 sy,  0.0 ni, 76.2 id,  0.0 wa,  1.4 hi,  9.5 si,  0.0 st
%Cpu(s):  1.1 us, 12.7 sy,  0.0 ni, 75.5 id,  0.0 wa,  1.3 hi,  9.4 si,  0.0 st
%Cpu(s):  1.0 us, 12.2 sy,  0.0 ni, 76.0 id,  0.0 wa,  1.4 hi,  9.4 si,  0.0 st
%Cpu(s):  1.4 us, 12.0 sy,  0.0 ni, 75.6 id,  0.1 wa,  1.3 hi,  9.6 si,  0.0 st
%Cpu(s):  0.5 us, 12.1 sy,  0.0 ni, 76.4 id,  0.0 wa,  1.5 hi,  9.5 si,  0.0 st
%Cpu(s):  0.9 us, 12.3 sy,  0.0 ni, 76.1 id,  0.1 wa,  1.3 hi,  9.4 si,  0.0 st
%Cpu(s):  0.8 us, 12.4 sy,  0.0 ni, 76.3 id,  0.0 wa,  1.3 hi,  9.3 si,  0.0 st
%Cpu(s):  1.0 us, 11.9 sy,  0.0 ni, 76.3 id,  0.0 wa,  1.4 hi,  9.4 si,  0.0 st
%Cpu(s):  0.9 us, 12.4 sy,  0.0 ni, 75.3 id,  0.0 wa,  1.4 hi, 10.1 si,  0.0 st
%Cpu(s):  1.1 us, 12.6 sy,  0.0 ni, 75.7 id,  0.0 wa,  1.5 hi,  9.0 si,  0.0 st
%Cpu(s):  1.0 us, 11.8 sy,  0.0 ni, 76.5 id,  0.0 wa,  1.4 hi,  9.3 si,  0.0 st
%Cpu(s):  0.9 us, 12.1 sy,  0.0 ni, 76.0 id,  0.0 wa,  1.4 hi,  9.6 si,  0.0 st
%Cpu(s):  1.0 us, 12.1 sy,  0.0 ni, 76.5 id,  0.0 wa,  1.3 hi,  9.1 si,  0.0 st
%Cpu(s):  1.0 us, 11.9 sy,  0.0 ni, 75.9 id,  0.1 wa,  1.5 hi,  9.5 si,  0.0 st
%Cpu(s):  0.9 us, 11.8 sy,  0.0 ni, 76.4 id,  0.0 wa,  1.4 hi,  9.5 si,  0.0 st
%Cpu(s):  1.1 us, 11.8 sy,  0.0 ni, 76.1 id,  0.0 wa,  1.6 hi,  9.4 si,  0.0 st
%Cpu(s):  0.9 us, 11.9 sy,  0.0 ni, 76.4 id,  0.1 wa,  1.3 hi,  9.4 si,  0.0 st
%Cpu(s):  0.8 us, 11.7 sy,  0.0 ni, 76.4 id,  0.0 wa,  1.5 hi,  9.6 si,  0.0 st
%Cpu(s):  1.1 us, 12.7 sy,  0.0 ni, 75.5 id,  0.0 wa,  1.4 hi,  9.3 si,  0.0 st
%Cpu(s):  1.1 us, 12.4 sy,  0.0 ni, 75.7 id,  0.0 wa,  1.5 hi,  9.3 si,  0.0 st
%Cpu(s):  1.3 us, 11.9 sy,  0.0 ni, 72.8 id,  3.3 wa,  1.4 hi,  9.4 si,  0.0 st
%Cpu(s):  1.0 us, 11.7 sy,  0.0 ni, 76.3 id,  0.0 wa,  1.5 hi,  9.5 si,  0.0 st
%Cpu(s):  1.0 us, 12.1 sy,  0.0 ni, 76.0 id,  0.0 wa,  1.4 hi,  9.5 si,  0.0 st
%Cpu(s):  0.9 us, 11.8 sy,  0.0 ni, 76.5 id,  0.0 wa,  1.5 hi,  9.4 si,  0.0 st
%Cpu(s):  1.1 us, 11.9 sy,  0.0 ni, 76.0 id,  0.0 wa,  1.4 hi,  9.5 si,  0.0 st
%Cpu(s):  1.1 us, 12.3 sy,  0.0 ni, 75.6 id,  0.1 wa,  1.5 hi,  9.4 si,  0.0 st
%Cpu(s):  0.9 us, 12.0 sy,  0.0 ni, 76.6 id,  0.0 wa,  1.4 hi,  9.1 si,  0.0 st
%Cpu(s):  1.0 us, 12.2 sy,  0.0 ni, 75.8 id,  0.0 wa,  1.4 hi,  9.6 si,  0.0 st
%Cpu(s):  1.0 us, 12.5 sy,  0.0 ni, 75.7 id,  0.0 wa,  1.5 hi,  9.3 si,  0.0 st
%Cpu(s):  1.1 us, 11.9 sy,  0.0 ni, 76.1 id,  0.0 wa,  1.4 hi,  9.5 si,  0.0 st
%Cpu(s):  0.9 us, 12.2 sy,  0.0 ni, 76.0 id,  0.0 wa,  1.5 hi,  9.3 si,  0.0 st
%Cpu(s):  0.8 us, 12.1 sy,  0.0 ni, 76.4 id,  0.0 wa,  1.4 hi,  9.4 si,  0.0 st
%Cpu(s):  0.9 us, 11.8 sy,  0.0 ni, 76.3 id,  0.0 wa,  1.5 hi,  9.5 si,  0.0 st
%Cpu(s):  1.4 us, 11.8 sy,  0.0 ni, 75.9 id,  0.0 wa,  1.5 hi,  9.4 si,  0.0 st
%Cpu(s):  1.1 us, 12.3 sy,  0.0 ni, 75.2 id,  0.1 wa,  1.8 hi,  9.5 si,  0.0 st
%Cpu(s):  1.1 us, 12.0 sy,  0.0 ni, 76.1 id,  0.0 wa,  1.4 hi,  9.3 si,  0.0 st
%Cpu(s):  0.9 us, 12.1 sy,  0.0 ni, 76.4 id,  0.0 wa,  1.4 hi,  9.2 si,  0.0 st
%Cpu(s):  0.9 us, 11.8 sy,  0.0 ni, 76.6 id,  0.0 wa,  1.3 hi,  9.5 si,  0.0 st
%Cpu(s):  0.9 us, 12.0 sy,  0.0 ni, 76.3 id,  0.1 wa,  1.4 hi,  9.3 si,  0.0 st
%Cpu(s):  1.0 us, 12.5 sy,  0.0 ni, 75.6 id,  0.0 wa,  1.4 hi,  9.5 si,  0.0 st
%Cpu(s):  1.1 us, 11.5 sy,  0.0 ni, 76.4 id,  0.0 wa,  1.6 hi,  9.4 si,  0.0 st
%Cpu(s):  1.3 us, 11.9 sy,  0.0 ni, 76.0 id,  0.0 wa,  1.4 hi,  9.5 si,  0.0 st
%Cpu(s):  1.0 us, 12.2 sy,  0.0 ni, 76.2 id,  0.0 wa,  1.4 hi,  9.3 si,  0.0 st
%Cpu(s):  1.1 us, 11.9 sy,  0.0 ni, 76.0 id,  0.0 wa,  1.4 hi,  9.5 si,  0.0 st
%Cpu(s):  1.0 us, 12.4 sy,  0.0 ni, 75.7 id,  0.0 wa,  1.5 hi,  9.4 si,  0.0 st
%Cpu(s):  0.6 us, 12.5 sy,  0.0 ni, 76.0 id,  0.0 wa,  1.4 hi,  9.5 si,  0.0 st
%Cpu(s):  0.8 us, 11.5 sy,  0.0 ni, 76.7 id,  0.1 wa,  1.4 hi,  9.6 si,  0.0 st
%Cpu(s):  1.3 us, 11.9 sy,  0.0 ni, 75.9 id,  0.0 wa,  1.5 hi,  9.4 si,  0.0 st
%Cpu(s):  0.8 us, 12.4 sy,  0.0 ni, 75.6 id,  0.1 wa,  1.6 hi,  9.5 si,  0.0 st
%Cpu(s):  0.9 us, 11.9 sy,  0.0 ni, 76.5 id,  0.0 wa,  1.4 hi,  9.3 si,  0.0 st
%Cpu(s):  1.0 us, 12.5 sy,  0.0 ni, 74.3 id,  1.4 wa,  1.4 hi,  9.4 si,  0.0 st
%Cpu(s):  1.3 us, 11.2 sy,  0.0 ni, 74.1 id,  2.7 wa,  1.3 hi,  9.4 si,  0.0 st
%Cpu(s):  0.9 us, 11.4 sy,  0.0 ni, 76.7 id,  0.1 wa,  1.5 hi,  9.4 si,  0.0 st
%Cpu(s):  0.9 us, 12.5 sy,  0.0 ni, 75.9 id,  0.0 wa,  1.4 hi,  9.3 si,  0.0 st
%Cpu(s):  1.3 us, 12.3 sy,  0.0 ni, 75.3 id,  0.0 wa,  1.5 hi,  9.6 si,  0.0 st
%Cpu(s):  0.8 us, 11.9 sy,  0.0 ni, 76.4 id,  0.0 wa,  1.5 hi,  9.4 si,  0.0 st
%Cpu(s):  0.9 us, 11.4 sy,  0.0 ni, 76.8 id,  0.0 wa,  1.4 hi,  9.6 si,  0.0 st
%Cpu(s):  0.9 us, 12.5 sy,  0.0 ni, 75.8 id,  0.0 wa,  1.4 hi,  9.5 si,  0.0 st
%Cpu(s):  1.1 us, 12.0 sy,  0.0 ni, 75.9 id,  0.0 wa,  1.5 hi,  9.5 si,  0.0 st
%Cpu(s):  1.0 us, 12.0 sy,  0.0 ni, 76.4 id,  0.0 wa,  1.4 hi,  9.2 si,  0.0 st
%Cpu(s):  0.9 us, 12.1 sy,  0.0 ni, 76.0 id,  0.1 wa,  1.4 hi,  9.5 si,  0.0 st
%Cpu(s):  1.5 us, 11.9 sy,  0.0 ni, 75.7 id,  0.0 wa,  1.5 hi,  9.4 si,  0.0 st
%Cpu(s):  0.9 us, 11.9 sy,  0.0 ni, 75.4 id,  0.0 wa,  2.5 hi,  9.4 si,  0.0 st
%Cpu(s):  0.9 us, 12.1 sy,  0.0 ni, 76.3 id,  0.0 wa,  1.4 hi,  9.3 si,  0.0 st
%Cpu(s):  0.9 us, 11.9 sy,  0.0 ni, 76.2 id,  0.1 wa,  1.4 hi,  9.5 si,  0.0 st
%Cpu(s):  0.8 us, 11.7 sy,  0.0 ni, 76.7 id,  0.0 wa,  1.4 hi,  9.4 si,  0.0 st
%Cpu(s):  1.3 us, 11.8 sy,  0.0 ni, 75.9 id,  0.0 wa,  1.4 hi,  9.6 si,  0.0 st
%Cpu(s):  0.9 us, 11.5 sy,  0.0 ni, 76.8 id,  0.0 wa,  1.4 hi,  9.4 si,  0.0 st
%Cpu(s):  1.4 us, 12.1 sy,  0.0 ni, 75.4 id,  0.1 wa,  1.5 hi,  9.5 si,  0.0 st
%Cpu(s):  1.0 us, 12.2 sy,  0.0 ni, 76.0 id,  0.0 wa,  1.3 hi,  9.5 si,  0.0 st
%Cpu(s):  0.9 us, 11.9 sy,  0.0 ni, 76.4 id,  0.0 wa,  1.3 hi,  9.5 si,  0.0 st
%Cpu(s):  0.9 us, 12.1 sy,  0.0 ni, 76.0 id,  0.1 wa,  1.4 hi,  9.5 si,  0.0 st
%Cpu(s):  1.0 us, 12.3 sy,  0.0 ni, 75.8 id,  0.0 wa,  1.4 hi,  9.4 si,  0.0 st
%Cpu(s):  1.0 us, 12.1 sy,  0.0 ni, 76.1 id,  0.0 wa,  1.4 hi,  9.4 si,  0.0 st
%Cpu(s):  0.9 us, 12.7 sy,  0.0 ni, 75.6 id,  0.0 wa,  1.4 hi,  9.4 si,  0.0 st
%Cpu(s):  1.3 us, 12.1 sy,  0.0 ni, 75.8 id,  0.0 wa,  1.4 hi,  9.5 si,  0.0 st
%Cpu(s):  0.9 us, 12.6 sy,  0.0 ni, 75.7 id,  0.1 wa,  1.3 hi,  9.4 si,  0.0 st
%Cpu(s):  1.1 us, 11.7 sy,  0.0 ni, 76.1 id,  0.0 wa,  1.5 hi,  9.5 si,  0.0 st
%Cpu(s):  1.0 us, 11.4 sy,  0.0 ni, 77.0 id,  0.0 wa,  1.5 hi,  9.0 si,  0.0 st
%Cpu(s):  0.7 us,  9.7 sy,  0.0 ni, 80.4 id,  0.0 wa,  1.5 hi,  7.6 si,  0.0 st
%Cpu(s):  0.9 us,  9.0 sy,  0.0 ni, 80.6 id,  0.0 wa,  1.7 hi,  7.8 si,  0.0 st
%Cpu(s):  1.0 us,  9.9 sy,  0.0 ni, 76.3 id,  3.5 wa,  1.4 hi,  7.9 si,  0.0 st
%Cpu(s):  1.0 us,  9.3 sy,  0.0 ni, 80.4 id,  0.0 wa,  1.5 hi,  7.7 si,  0.0 st
%Cpu(s):  0.9 us,  9.1 sy,  0.0 ni, 80.6 id,  0.0 wa,  1.5 hi,  8.0 si,  0.0 st
%Cpu(s):  0.5 us,  9.1 sy,  0.0 ni, 81.2 id,  0.0 wa,  1.6 hi,  7.5 si,  0.0 st
%Cpu(s):  0.9 us,  8.7 sy,  0.0 ni, 80.6 id,  0.1 wa,  1.7 hi,  8.0 si,  0.0 st
%Cpu(s):  1.0 us,  9.3 sy,  0.0 ni, 81.0 id,  0.0 wa,  1.5 hi,  7.3 si,  0.0 st
%Cpu(s):  1.0 us,  9.1 sy,  0.0 ni, 80.5 id,  0.0 wa,  1.6 hi,  7.7 si,  0.0 st
%Cpu(s):  0.9 us,  9.9 sy,  0.0 ni, 80.3 id,  0.0 wa,  1.2 hi,  7.7 si,  0.0 st
%Cpu(s):  0.7 us,  9.4 sy,  0.0 ni, 80.1 id,  0.0 wa,  1.6 hi,  8.1 si,  0.0 st
%Cpu(s):  0.9 us,  9.4 sy,  0.0 ni, 81.2 id,  0.0 wa,  1.4 hi,  7.1 si,  0.0 st
%Cpu(s):  0.9 us,  9.1 sy,  0.0 ni, 81.0 id,  0.1 wa,  1.5 hi,  7.4 si,  0.0 st
%Cpu(s):  0.9 us,  9.0 sy,  0.0 ni, 80.8 id,  0.0 wa,  1.5 hi,  7.9 si,  0.0 st
%Cpu(s):  1.1 us,  9.6 sy,  0.0 ni, 79.6 id,  0.0 wa,  1.9 hi,  7.8 si,  0.0 st
%Cpu(s):  0.9 us,  9.1 sy,  0.0 ni, 81.1 id,  0.0 wa,  1.4 hi,  7.5 si,  0.0 st
%Cpu(s):  1.0 us,  9.1 sy,  0.0 ni, 80.7 id,  0.1 wa,  1.5 hi,  7.6 si,  0.0 st
%Cpu(s):  1.0 us,  8.9 sy,  0.0 ni, 80.3 id,  0.0 wa,  1.5 hi,  8.3 si,  0.0 st
%Cpu(s):  0.7 us,  9.6 sy,  0.0 ni, 80.5 id,  0.0 wa,  1.5 hi,  7.7 si,  0.0 st
%Cpu(s):  1.0 us,  7.2 sy,  0.0 ni, 85.1 id,  0.0 wa,  1.1 hi,  5.6 si,  0.0 st
%Cpu(s):  2.6 us,  2.4 sy,  0.3 ni, 94.5 id,  0.0 wa,  0.1 hi,  0.1 si,  0.0 st
%Cpu(s):  1.1 us,  0.9 sy,  0.0 ni, 97.4 id,  0.0 wa,  0.1 hi,  0.5 si,  0.0 st
%Cpu(s):  0.1 us,  0.1 sy,  0.0 ni, 99.0 id,  0.1 wa,  0.6 hi,  0.0 si,  0.0 st
