%Cpu(s):  0.4 us,  0.4 sy,  0.0 ni, 98.8 id,  0.0 wa,  0.1 hi,  0.3 si,  0.0 st
%Cpu(s):  0.6 us,  9.7 sy,  0.0 ni, 82.9 id,  0.1 wa,  1.0 hi,  5.6 si,  0.0 st
%Cpu(s):  0.8 us,  8.1 sy,  0.0 ni, 85.5 id,  0.0 wa,  1.1 hi,  4.5 si,  0.0 st
%Cpu(s):  0.8 us,  6.0 sy,  0.0 ni, 88.3 id,  0.0 wa,  0.9 hi,  4.0 si,  0.0 st
%Cpu(s):  0.8 us,  6.7 sy,  0.0 ni, 86.2 id,  0.0 wa,  1.3 hi,  5.1 si,  0.0 st
%Cpu(s):  0.8 us,  8.8 sy,  0.0 ni, 82.6 id,  0.0 wa,  1.3 hi,  6.5 si,  0.0 st
%Cpu(s):  0.9 us,  6.7 sy,  0.0 ni, 86.8 id,  0.0 wa,  1.1 hi,  4.5 si,  0.0 st
%Cpu(s):  0.9 us,  6.3 sy,  0.0 ni, 87.5 id,  0.1 wa,  1.0 hi,  4.2 si,  0.0 st
%Cpu(s):  0.9 us,  7.3 sy,  0.0 ni, 85.4 id,  0.0 wa,  1.4 hi,  5.0 si,  0.0 st
%Cpu(s):  0.8 us,  7.3 sy,  0.0 ni, 85.8 id,  0.0 wa,  1.1 hi,  5.0 si,  0.0 st
%Cpu(s):  0.6 us,  7.8 sy,  0.0 ni, 85.0 id,  0.0 wa,  1.5 hi,  5.1 si,  0.0 st
%Cpu(s):  0.8 us,  7.0 sy,  0.0 ni, 85.7 id,  0.0 wa,  1.1 hi,  5.4 si,  0.0 st
%Cpu(s):  0.8 us,  7.5 sy,  0.0 ni, 85.2 id,  0.0 wa,  1.4 hi,  5.2 si,  0.0 st
%Cpu(s):  0.6 us,  6.8 sy,  0.0 ni, 86.1 id,  0.0 wa,  1.3 hi,  5.2 si,  0.0 st
%Cpu(s):  0.8 us,  6.8 sy,  0.0 ni, 86.1 id,  0.1 wa,  1.4 hi,  4.8 si,  0.0 st
%Cpu(s):  0.6 us,  8.4 sy,  0.0 ni, 82.6 id,  0.1 wa,  2.3 hi,  6.0 si,  0.0 st
%Cpu(s):  0.9 us,  8.7 sy,  0.0 ni, 82.8 id,  0.0 wa,  1.3 hi,  6.3 si,  0.0 st
%Cpu(s):  0.9 us,  7.7 sy,  0.0 ni, 83.9 id,  0.0 wa,  1.3 hi,  6.2 si,  0.0 st
%Cpu(s):  0.6 us,  7.0 sy,  0.0 ni, 85.3 id,  0.0 wa,  1.1 hi,  6.0 si,  0.0 st
%Cpu(s):  0.8 us,  7.3 sy,  0.0 ni, 86.1 id,  0.0 wa,  1.4 hi,  4.4 si,  0.0 st
%Cpu(s):  0.7 us,  7.4 sy,  0.0 ni, 85.6 id,  0.0 wa,  1.1 hi,  5.1 si,  0.0 st
%Cpu(s):  1.0 us,  5.8 sy,  0.0 ni, 88.1 id,  0.0 wa,  1.7 hi,  3.4 si,  0.0 st
%Cpu(s):  0.6 us,  4.8 sy,  0.0 ni, 91.7 id,  0.0 wa,  0.6 hi,  2.3 si,  0.0 st
%Cpu(s):  0.6 us,  4.6 sy,  0.0 ni, 91.6 id,  0.1 wa,  0.5 hi,  2.5 si,  0.0 st
%Cpu(s):  0.9 us,  5.0 sy,  0.0 ni, 91.0 id,  0.0 wa,  0.6 hi,  2.5 si,  0.0 st
%Cpu(s):  0.9 us,  4.6 sy,  0.0 ni, 91.0 id,  0.0 wa,  0.6 hi,  2.9 si,  0.0 st
%Cpu(s):  0.9 us,  5.0 sy,  0.0 ni, 91.3 id,  0.0 wa,  0.5 hi,  2.3 si,  0.0 st
%Cpu(s):  0.9 us,  5.0 sy,  0.0 ni, 90.1 id,  0.0 wa,  0.7 hi,  3.4 si,  0.0 st
%Cpu(s):  0.6 us,  5.2 sy,  0.0 ni, 91.4 id,  0.0 wa,  0.6 hi,  2.1 si,  0.0 st
%Cpu(s):  0.9 us,  4.9 sy,  0.0 ni, 91.1 id,  0.1 wa,  0.6 hi,  2.4 si,  0.0 st
%Cpu(s):  0.8 us,  6.8 sy,  0.0 ni, 86.5 id,  0.0 wa,  1.0 hi,  4.9 si,  0.0 st
%Cpu(s):  0.7 us,  5.2 sy,  0.0 ni, 90.3 id,  0.1 wa,  0.6 hi,  3.0 si,  0.0 st
%Cpu(s):  0.8 us,  4.4 sy,  0.0 ni, 91.4 id,  0.0 wa,  0.8 hi,  2.6 si,  0.0 st
%Cpu(s):  0.9 us,  4.7 sy,  0.0 ni, 91.2 id,  0.0 wa,  0.6 hi,  2.6 si,  0.0 st
%Cpu(s):  0.7 us,  4.7 sy,  0.0 ni, 89.0 id,  1.7 wa,  0.7 hi,  3.0 si,  0.0 st
%Cpu(s):  0.9 us,  6.5 sy,  0.0 ni, 87.8 id,  0.0 wa,  0.9 hi,  4.0 si,  0.0 st
%Cpu(s):  0.6 us,  4.8 sy,  0.0 ni, 91.3 id,  0.0 wa,  0.6 hi,  2.6 si,  0.0 st
%Cpu(s):  0.8 us,  5.0 sy,  0.0 ni, 90.6 id,  0.0 wa,  0.8 hi,  2.9 si,  0.0 st
%Cpu(s):  0.9 us,  5.1 sy,  0.0 ni, 90.4 id,  0.0 wa,  0.9 hi,  2.8 si,  0.0 st
%Cpu(s):  0.8 us,  5.5 sy,  0.0 ni, 89.1 id,  0.1 wa,  0.8 hi,  3.8 si,  0.0 st
%Cpu(s):  0.6 us,  4.6 sy,  0.0 ni, 91.6 id,  0.0 wa,  0.5 hi,  2.6 si,  0.0 st
%Cpu(s):  1.1 us,  5.7 sy,  0.0 ni, 88.1 id,  0.0 wa,  1.0 hi,  4.1 si,  0.0 st
%Cpu(s):  1.0 us,  5.0 sy,  0.0 ni, 90.4 id,  0.0 wa,  0.7 hi,  2.9 si,  0.0 st
%Cpu(s):  0.5 us,  6.0 sy,  0.0 ni, 88.4 id,  0.0 wa,  1.0 hi,  4.0 si,  0.0 st
%Cpu(s):  0.9 us,  4.8 sy,  0.0 ni, 90.8 id,  0.3 wa,  0.6 hi,  2.6 si,  0.0 st
%Cpu(s):  0.8 us,  4.9 sy,  0.0 ni, 90.8 id,  0.0 wa,  0.8 hi,  2.8 si,  0.0 st
%Cpu(s):  0.9 us,  4.6 sy,  0.0 ni, 91.0 id,  0.0 wa,  0.8 hi,  2.8 si,  0.0 st
%Cpu(s):  0.6 us,  6.8 sy,  0.0 ni, 86.4 id,  0.0 wa,  1.1 hi,  5.0 si,  0.0 st
%Cpu(s):  0.9 us,  4.9 sy,  0.0 ni, 89.9 id,  0.0 wa,  0.7 hi,  3.6 si,  0.0 st
%Cpu(s):  0.7 us,  6.5 sy,  0.0 ni, 87.8 id,  0.1 wa,  1.1 hi,  3.7 si,  0.0 st
%Cpu(s):  0.9 us,  4.8 sy,  0.0 ni, 90.9 id,  0.0 wa,  0.8 hi,  2.8 si,  0.0 st
%Cpu(s):  0.9 us,  4.8 sy,  0.0 ni, 91.0 id,  0.0 wa,  0.6 hi,  2.6 si,  0.0 st
%Cpu(s):  0.8 us,  5.5 sy,  0.0 ni, 89.2 id,  0.0 wa,  0.9 hi,  3.6 si,  0.0 st
%Cpu(s):  0.9 us,  5.5 sy,  0.0 ni, 88.7 id,  0.0 wa,  0.7 hi,  4.2 si,  0.0 st
%Cpu(s):  0.8 us,  5.5 sy,  0.0 ni, 90.5 id,  0.1 wa,  0.8 hi,  2.4 si,  0.0 st
%Cpu(s):  1.0 us,  5.3 sy,  0.0 ni, 90.6 id,  0.0 wa,  0.8 hi,  2.4 si,  0.0 st
%Cpu(s):  0.8 us,  5.5 sy,  0.0 ni, 89.3 id,  0.1 wa,  0.9 hi,  3.4 si,  0.0 st
%Cpu(s):  0.8 us,  5.9 sy,  0.0 ni, 88.7 id,  0.0 wa,  0.9 hi,  3.8 si,  0.0 st
%Cpu(s):  0.8 us,  4.7 sy,  0.0 ni, 91.1 id,  0.0 wa,  0.6 hi,  2.9 si,  0.0 st
%Cpu(s):  0.8 us,  5.4 sy,  0.0 ni, 89.9 id,  0.0 wa,  0.9 hi,  3.1 si,  0.0 st
%Cpu(s):  0.6 us,  7.0 sy,  0.0 ni, 85.9 id,  0.0 wa,  1.3 hi,  5.2 si,  0.0 st
%Cpu(s):  0.8 us,  6.2 sy,  0.0 ni, 87.9 id,  0.0 wa,  1.0 hi,  4.2 si,  0.0 st
%Cpu(s):  0.6 us,  5.6 sy,  0.0 ni, 88.6 id,  0.0 wa,  1.2 hi,  3.9 si,  0.0 st
%Cpu(s):  0.6 us,  4.9 sy,  0.0 ni, 91.2 id,  0.0 wa,  0.5 hi,  2.8 si,  0.0 st
%Cpu(s):  1.0 us,  5.1 sy,  0.0 ni, 88.8 id,  1.0 wa,  1.1 hi,  3.0 si,  0.0 st
%Cpu(s):  0.6 us,  6.5 sy,  0.0 ni, 88.2 id,  0.0 wa,  0.6 hi,  4.0 si,  0.0 st
%Cpu(s):  0.9 us,  5.0 sy,  0.0 ni, 90.7 id,  0.0 wa,  0.5 hi,  2.9 si,  0.0 st
%Cpu(s):  0.7 us,  4.8 sy,  0.0 ni, 90.3 id,  0.0 wa,  1.2 hi,  2.9 si,  0.0 st
%Cpu(s):  0.8 us,  4.9 sy,  0.0 ni, 90.9 id,  0.1 wa,  0.8 hi,  2.6 si,  0.0 st
%Cpu(s):  0.9 us,  4.6 sy,  0.0 ni, 91.2 id,  0.0 wa,  0.6 hi,  2.6 si,  0.0 st
%Cpu(s):  0.6 us,  5.4 sy,  0.0 ni, 90.3 id,  0.0 wa,  0.7 hi,  3.0 si,  0.0 st
%Cpu(s):  0.9 us,  4.7 sy,  0.0 ni, 91.2 id,  0.0 wa,  0.6 hi,  2.7 si,  0.0 st
%Cpu(s):  0.9 us,  4.8 sy,  0.0 ni, 90.7 id,  0.0 wa,  0.8 hi,  2.9 si,  0.0 st
%Cpu(s):  0.9 us,  4.8 sy,  0.0 ni, 91.0 id,  0.0 wa,  0.6 hi,  2.8 si,  0.0 st
%Cpu(s):  0.8 us,  4.8 sy,  0.0 ni, 90.9 id,  0.1 wa,  0.8 hi,  2.8 si,  0.0 st
%Cpu(s):  0.9 us,  4.9 sy,  0.0 ni, 91.0 id,  0.0 wa,  0.6 hi,  2.6 si,  0.0 st
%Cpu(s):  0.8 us,  5.9 sy,  0.0 ni, 87.9 id,  0.0 wa,  0.9 hi,  4.6 si,  0.0 st
%Cpu(s):  0.8 us,  5.0 sy,  0.0 ni, 91.3 id,  0.0 wa,  0.8 hi,  2.1 si,  0.0 st
%Cpu(s):  0.7 us,  5.1 sy,  0.0 ni, 90.5 id,  0.1 wa,  0.7 hi,  2.7 si,  0.0 st
%Cpu(s):  0.8 us,  4.8 sy,  0.0 ni, 91.4 id,  0.0 wa,  0.5 hi,  2.5 si,  0.0 st
%Cpu(s):  0.9 us,  4.8 sy,  0.0 ni, 90.9 id,  0.1 wa,  0.6 hi,  2.8 si,  0.0 st
%Cpu(s):  0.8 us,  5.0 sy,  0.0 ni, 90.5 id,  0.0 wa,  1.0 hi,  2.8 si,  0.0 st
%Cpu(s):  0.8 us,  5.0 sy,  0.0 ni, 90.6 id,  0.0 wa,  0.6 hi,  3.0 si,  0.0 st
%Cpu(s):  1.0 us,  4.5 sy,  0.0 ni, 90.5 id,  0.0 wa,  0.6 hi,  3.4 si,  0.0 st
%Cpu(s):  0.6 us,  4.8 sy,  0.0 ni, 91.4 id,  0.0 wa,  0.6 hi,  2.5 si,  0.0 st
%Cpu(s):  0.6 us,  4.5 sy,  0.0 ni, 91.4 id,  0.0 wa,  0.8 hi,  2.6 si,  0.0 st
%Cpu(s):  0.8 us,  4.8 sy,  0.0 ni, 90.9 id,  0.0 wa,  0.8 hi,  2.9 si,  0.0 st
%Cpu(s):  1.0 us,  5.1 sy,  0.0 ni, 90.4 id,  0.1 wa,  0.6 hi,  2.8 si,  0.0 st
%Cpu(s):  0.8 us,  5.8 sy,  0.0 ni, 88.8 id,  0.0 wa,  1.0 hi,  3.6 si,  0.0 st
%Cpu(s):  0.6 us,  4.9 sy,  0.0 ni, 91.1 id,  0.0 wa,  0.6 hi,  2.8 si,  0.0 st
%Cpu(s):  0.7 us,  6.0 sy,  0.0 ni, 87.5 id,  0.0 wa,  1.1 hi,  4.6 si,  0.0 st
%Cpu(s):  0.6 us,  6.0 sy,  0.0 ni, 89.0 id,  0.0 wa,  0.9 hi,  3.4 si,  0.0 st
%Cpu(s):  0.8 us,  5.3 sy,  0.0 ni, 90.3 id,  0.0 wa,  0.8 hi,  2.9 si,  0.0 st
%Cpu(s):  0.9 us,  4.8 sy,  0.0 ni, 90.7 id,  0.0 wa,  0.8 hi,  2.9 si,  0.0 st
%Cpu(s):  0.8 us,  4.9 sy,  0.0 ni, 90.6 id,  0.8 wa,  0.6 hi,  2.4 si,  0.0 st
%Cpu(s):  0.9 us,  4.5 sy,  0.0 ni, 91.0 id,  0.0 wa,  0.8 hi,  2.9 si,  0.0 st
%Cpu(s):  0.9 us,  5.2 sy,  0.0 ni, 90.3 id,  0.0 wa,  0.7 hi,  2.9 si,  0.0 st
%Cpu(s):  1.0 us,  6.4 sy,  0.0 ni, 87.5 id,  0.1 wa,  1.0 hi,  4.0 si,  0.0 st
%Cpu(s):  0.9 us,  5.0 sy,  0.0 ni, 90.5 id,  0.0 wa,  0.8 hi,  2.9 si,  0.0 st
%Cpu(s):  0.8 us,  6.1 sy,  0.0 ni, 87.5 id,  0.1 wa,  1.0 hi,  4.5 si,  0.0 st
%Cpu(s):  0.9 us,  6.2 sy,  0.0 ni, 87.8 id,  0.0 wa,  0.9 hi,  4.2 si,  0.0 st
%Cpu(s):  0.8 us,  6.6 sy,  0.0 ni, 87.3 id,  0.0 wa,  1.1 hi,  4.1 si,  0.0 st
%Cpu(s):  0.6 us,  4.9 sy,  0.0 ni, 91.2 id,  0.0 wa,  0.6 hi,  2.6 si,  0.0 st
%Cpu(s):  0.8 us,  4.6 sy,  0.0 ni, 90.2 id,  0.0 wa,  0.8 hi,  3.6 si,  0.0 st
%Cpu(s):  0.9 us,  6.1 sy,  0.0 ni, 87.7 id,  0.1 wa,  1.1 hi,  4.0 si,  0.0 st
%Cpu(s):  0.6 us,  4.8 sy,  0.0 ni, 91.0 id,  0.0 wa,  0.6 hi,  3.0 si,  0.0 st
%Cpu(s):  1.0 us,  4.8 sy,  0.0 ni, 91.2 id,  0.0 wa,  0.6 hi,  2.4 si,  0.0 st
%Cpu(s):  0.9 us,  5.2 sy,  0.0 ni, 89.0 id,  0.1 wa,  0.9 hi,  4.0 si,  0.0 st
%Cpu(s):  0.6 us,  8.6 sy,  0.0 ni, 84.3 id,  0.0 wa,  1.4 hi,  5.1 si,  0.0 st
%Cpu(s):  0.9 us,  6.3 sy,  0.0 ni, 87.3 id,  0.1 wa,  1.0 hi,  4.4 si,  0.0 st
%Cpu(s):  0.9 us,  6.0 sy,  0.0 ni, 88.3 id,  0.0 wa,  1.0 hi,  3.9 si,  0.0 st
%Cpu(s):  0.9 us,  5.9 sy,  0.0 ni, 88.5 id,  0.0 wa,  1.0 hi,  3.7 si,  0.0 st
%Cpu(s):  0.8 us,  6.1 sy,  0.0 ni, 87.8 id,  0.0 wa,  0.9 hi,  4.4 si,  0.0 st
%Cpu(s):  0.9 us,  5.8 sy,  0.0 ni, 87.6 id,  0.1 wa,  1.1 hi,  4.5 si,  0.0 st
%Cpu(s):  0.9 us,  4.4 sy,  0.0 ni, 91.5 id,  0.0 wa,  0.8 hi,  2.5 si,  0.0 st
%Cpu(s):  0.6 us,  5.0 sy,  0.0 ni, 91.0 id,  0.0 wa,  0.8 hi,  2.6 si,  0.0 st
%Cpu(s):  0.8 us,  5.9 sy,  0.0 ni, 88.3 id,  0.0 wa,  0.9 hi,  4.2 si,  0.0 st
%Cpu(s):  0.7 us,  6.2 sy,  0.0 ni, 88.0 id,  0.1 wa,  0.9 hi,  4.0 si,  0.0 st
%Cpu(s):  0.9 us,  4.5 sy,  0.0 ni, 91.3 id,  0.0 wa,  0.6 hi,  2.6 si,  0.0 st
%Cpu(s):  0.9 us,  6.0 sy,  0.0 ni, 88.1 id,  0.1 wa,  0.9 hi,  4.0 si,  0.0 st
%Cpu(s):  0.9 us,  4.3 sy,  0.0 ni, 91.6 id,  0.0 wa,  0.8 hi,  2.5 si,  0.0 st
%Cpu(s):  0.7 us,  9.2 sy,  0.0 ni, 81.3 id,  0.0 wa,  1.7 hi,  7.0 si,  0.0 st
%Cpu(s):  0.9 us,  6.2 sy,  0.0 ni, 87.0 id,  0.0 wa,  1.5 hi,  4.4 si,  0.0 st
%Cpu(s):  0.9 us,  6.4 sy,  0.0 ni, 85.9 id,  0.0 wa,  2.1 hi,  4.7 si,  0.0 st
%Cpu(s):  0.6 us,  6.6 sy,  0.0 ni, 87.5 id,  0.0 wa,  1.0 hi,  4.3 si,  0.0 st
%Cpu(s):  0.8 us,  5.5 sy,  0.0 ni, 89.6 id,  0.1 wa,  0.8 hi,  3.3 si,  0.0 st
%Cpu(s):  0.9 us,  6.6 sy,  0.0 ni, 87.0 id,  0.0 wa,  0.8 hi,  4.8 si,  0.0 st
%Cpu(s):  0.6 us,  6.2 sy,  0.0 ni, 89.0 id,  0.0 wa,  0.8 hi,  3.4 si,  0.0 st
%Cpu(s):  0.9 us,  5.5 sy,  0.0 ni, 89.0 id,  0.0 wa,  0.9 hi,  3.8 si,  0.0 st
%Cpu(s):  0.8 us,  5.9 sy,  0.0 ni, 87.5 id,  1.1 wa,  0.8 hi,  3.9 si,  0.0 st
%Cpu(s):  0.9 us,  5.7 sy,  0.0 ni, 85.3 id,  0.0 wa,  1.0 hi,  7.2 si,  0.0 st
%Cpu(s):  0.6 us,  6.6 sy,  0.0 ni, 88.2 id,  0.0 wa,  1.0 hi,  3.5 si,  0.0 st
%Cpu(s):  1.0 us,  6.4 sy,  0.0 ni, 88.0 id,  0.0 wa,  1.3 hi,  3.3 si,  0.0 st
%Cpu(s):  0.6 us,  6.8 sy,  0.0 ni, 87.4 id,  0.0 wa,  1.1 hi,  4.0 si,  0.0 st
%Cpu(s):  0.6 us,  5.8 sy,  0.0 ni, 89.2 id,  0.1 wa,  0.8 hi,  3.5 si,  0.0 st
%Cpu(s):  0.7 us,  6.1 sy,  0.0 ni, 85.3 id,  0.0 wa,  1.1 hi,  6.7 si,  0.0 st
%Cpu(s):  0.8 us,  5.9 sy,  0.0 ni, 89.1 id,  0.0 wa,  1.0 hi,  3.2 si,  0.0 st
%Cpu(s):  0.8 us,  5.3 sy,  0.0 ni, 89.6 id,  0.0 wa,  1.0 hi,  3.3 si,  0.0 st
%Cpu(s):  0.8 us,  6.9 sy,  0.0 ni, 87.5 id,  0.0 wa,  1.1 hi,  3.7 si,  0.0 st
%Cpu(s):  0.6 us,  5.9 sy,  0.0 ni, 88.6 id,  0.1 wa,  1.1 hi,  3.6 si,  0.0 st
%Cpu(s):  0.8 us,  4.8 sy,  0.0 ni, 91.2 id,  0.1 wa,  0.6 hi,  2.5 si,  0.0 st
%Cpu(s):  2.5 us,  2.5 sy,  0.1 ni, 93.9 id,  0.0 wa,  1.0 hi,  0.0 si,  0.0 st
%Cpu(s):  0.8 us,  0.9 sy,  0.0 ni, 98.2 id,  0.0 wa,  0.0 hi,  0.1 si,  0.0 st
%Cpu(s):  0.1 us,  0.1 sy,  0.0 ni, 99.8 id,  0.0 wa,  0.0 hi,  0.0 si,  0.0 st
%Cpu(s):  0.0 us,  0.1 sy,  0.0 ni, 98.6 id,  0.0 wa,  0.0 hi,  1.2 si,  0.0 st
