%Cpu(s):  0.3 us,  0.4 sy,  0.0 ni, 98.5 id,  0.0 wa,  0.5 hi,  0.2 si,  0.0 st
%Cpu(s):  1.3 us,  5.9 sy,  0.0 ni, 83.1 id,  0.8 wa,  3.8 hi,  5.1 si,  0.0 st
%Cpu(s):  2.1 us,  6.8 sy,  0.0 ni, 83.1 id,  0.0 wa,  3.4 hi,  4.7 si,  0.0 st
%Cpu(s):  0.8 us,  8.4 sy,  0.0 ni, 82.2 id,  0.0 wa,  3.9 hi,  4.7 si,  0.0 st
%Cpu(s):  2.6 us,  5.5 sy,  0.0 ni, 83.1 id,  0.0 wa,  4.0 hi,  4.7 si,  0.0 st
%Cpu(s):  1.9 us,  6.1 sy,  0.0 ni, 82.4 id,  0.3 wa,  4.5 hi,  4.8 si,  0.0 st
%Cpu(s):  2.3 us,  6.0 sy,  0.0 ni, 83.3 id,  0.0 wa,  3.9 hi,  4.4 si,  0.0 st
%Cpu(s):  2.4 us,  6.6 sy,  0.0 ni, 82.1 id,  0.0 wa,  4.7 hi,  4.2 si,  0.0 st
%Cpu(s):  2.3 us,  7.3 sy,  0.0 ni, 81.2 id,  0.0 wa,  4.4 hi,  4.7 si,  0.0 st
%Cpu(s):  2.6 us,  6.3 sy,  0.0 ni, 81.5 id,  1.3 wa,  3.9 hi,  4.4 si,  0.0 st
%Cpu(s):  1.9 us,  5.3 sy,  0.0 ni, 84.7 id,  0.0 wa,  3.7 hi,  4.5 si,  0.0 st
%Cpu(s):  1.9 us,  5.8 sy,  0.0 ni, 84.6 id,  0.0 wa,  3.4 hi,  4.2 si,  0.0 st
%Cpu(s):  1.3 us,  5.3 sy,  0.0 ni, 84.4 id,  0.0 wa,  4.2 hi,  4.8 si,  0.0 st
%Cpu(s):  2.1 us,  6.3 sy,  0.0 ni, 82.8 id,  0.0 wa,  4.5 hi,  4.2 si,  0.0 st
%Cpu(s):  1.3 us,  5.6 sy,  0.0 ni, 84.2 id,  0.0 wa,  4.3 hi,  4.5 si,  0.0 st
%Cpu(s):  1.0 us,  8.1 sy,  0.0 ni, 82.5 id,  0.0 wa,  4.4 hi,  3.9 si,  0.0 st
%Cpu(s):  1.6 us,  8.1 sy,  0.0 ni, 81.7 id,  0.0 wa,  4.2 hi,  4.4 si,  0.0 st
%Cpu(s):  1.9 us,  5.1 sy,  0.0 ni, 84.1 id,  0.0 wa,  4.6 hi,  4.3 si,  0.0 st
%Cpu(s):  2.3 us,  7.8 sy,  0.0 ni, 81.1 id,  0.0 wa,  4.9 hi,  3.9 si,  0.0 st
%Cpu(s):  1.6 us,  7.1 sy,  0.0 ni, 81.9 id,  0.3 wa,  4.5 hi,  4.7 si,  0.0 st
%Cpu(s):  2.6 us,  6.1 sy,  0.0 ni, 83.2 id,  0.0 wa,  4.2 hi,  3.9 si,  0.0 st
%Cpu(s):  2.9 us,  7.1 sy,  0.0 ni, 81.4 id,  0.0 wa,  4.5 hi,  4.2 si,  0.0 st
%Cpu(s):  2.4 us,  5.6 sy,  0.0 ni, 82.9 id,  0.0 wa,  5.1 hi,  4.0 si,  0.0 st
%Cpu(s):  2.3 us,  6.8 sy,  0.0 ni, 81.5 id,  0.0 wa,  4.4 hi,  4.9 si,  0.0 st
%Cpu(s):  2.1 us,  8.1 sy,  0.0 ni, 80.9 id,  0.0 wa,  5.0 hi,  3.9 si,  0.0 st
%Cpu(s):  2.1 us,  7.6 sy,  0.0 ni, 81.9 id,  0.0 wa,  4.5 hi,  3.9 si,  0.0 st
%Cpu(s):  1.9 us,  5.9 sy,  0.0 ni, 82.4 id,  0.3 wa,  4.8 hi,  4.8 si,  0.0 st
%Cpu(s):  1.1 us,  7.7 sy,  0.0 ni, 82.5 id,  0.0 wa,  4.5 hi,  4.2 si,  0.0 st
%Cpu(s):  1.4 us,  5.1 sy,  0.0 ni, 84.3 id,  0.0 wa,  4.6 hi,  4.6 si,  0.0 st
%Cpu(s):  2.1 us,  6.1 sy,  0.0 ni, 82.2 id,  0.3 wa,  5.3 hi,  4.0 si,  0.0 st
%Cpu(s):  2.4 us,  5.8 sy,  0.0 ni, 82.8 id,  0.0 wa,  4.8 hi,  4.2 si,  0.0 st
%Cpu(s):  2.1 us,  6.4 sy,  0.0 ni, 82.7 id,  0.0 wa,  4.3 hi,  4.5 si,  0.0 st
%Cpu(s):  1.6 us,  7.4 sy,  0.0 ni, 82.4 id,  0.0 wa,  4.5 hi,  4.2 si,  0.0 st
%Cpu(s):  2.4 us,  5.8 sy,  0.0 ni, 82.3 id,  0.0 wa,  4.8 hi,  4.8 si,  0.0 st
%Cpu(s):  0.8 us,  6.6 sy,  0.0 ni, 83.3 id,  0.3 wa,  4.5 hi,  4.5 si,  0.0 st
%Cpu(s):  2.7 us,  4.9 sy,  0.0 ni, 84.1 id,  0.0 wa,  4.0 hi,  4.3 si,  0.0 st
%Cpu(s):  1.6 us,  6.3 sy,  0.0 ni, 82.8 id,  0.0 wa,  4.5 hi,  4.8 si,  0.0 st
%Cpu(s):  2.6 us,  8.0 sy,  0.0 ni, 80.6 id,  0.0 wa,  3.9 hi,  4.9 si,  0.0 st
%Cpu(s):  2.3 us,  7.8 sy,  0.0 ni, 81.8 id,  0.0 wa,  3.6 hi,  4.4 si,  0.0 st
%Cpu(s):  2.4 us,  4.8 sy,  0.0 ni, 84.0 id,  0.0 wa,  4.5 hi,  4.3 si,  0.0 st
%Cpu(s):  2.1 us,  8.3 sy,  0.0 ni, 81.7 id,  0.0 wa,  3.9 hi,  4.1 si,  0.0 st
%Cpu(s):  1.1 us,  5.1 sy,  0.0 ni, 90.9 id,  0.0 wa,  2.7 hi,  0.3 si,  0.0 st
%Cpu(s):  1.7 us,  2.7 sy,  0.0 ni, 87.8 id,  0.0 wa,  7.5 hi,  0.2 si,  0.0 st
