%Cpu(s):  0.3 us,  0.4 sy,  0.0 ni, 98.6 id,  0.0 wa,  0.5 hi,  0.2 si,  0.0 st
%Cpu(s):  1.8 us,  6.0 sy,  0.0 ni, 84.4 id,  0.0 wa,  4.7 hi,  3.1 si,  0.0 st
%Cpu(s):  0.3 us,  7.1 sy,  0.0 ni, 86.0 id,  0.0 wa,  4.2 hi,  2.4 si,  0.0 st
%Cpu(s):  1.3 us,  5.0 sy,  0.0 ni, 86.7 id,  0.0 wa,  4.0 hi,  2.9 si,  0.0 st
%Cpu(s):  1.6 us,  6.1 sy,  0.0 ni, 83.3 id,  0.0 wa,  5.0 hi,  4.0 si,  0.0 st
%Cpu(s):  1.9 us,  5.7 sy,  0.0 ni, 84.1 id,  0.0 wa,  4.6 hi,  3.8 si,  0.0 st
%Cpu(s):  2.1 us,  5.8 sy,  0.0 ni, 83.1 id,  0.0 wa,  4.7 hi,  4.2 si,  0.0 st
%Cpu(s):  1.1 us,  6.9 sy,  0.0 ni, 82.7 id,  0.0 wa,  5.1 hi,  4.3 si,  0.0 st
%Cpu(s):  0.8 us,  8.5 sy,  0.0 ni, 81.9 id,  0.3 wa,  4.4 hi,  4.1 si,  0.0 st
%Cpu(s):  2.6 us,  5.0 sy,  0.0 ni, 84.2 id,  0.0 wa,  4.5 hi,  3.7 si,  0.0 st
%Cpu(s):  2.1 us,  5.1 sy,  0.0 ni, 82.9 id,  0.8 wa,  5.1 hi,  4.0 si,  0.0 st
%Cpu(s):  1.3 us,  6.3 sy,  0.0 ni, 81.0 id,  0.0 wa,  5.8 hi,  5.5 si,  0.0 st
%Cpu(s):  2.1 us,  6.1 sy,  0.0 ni, 83.1 id,  0.0 wa,  5.0 hi,  3.7 si,  0.0 st
%Cpu(s):  1.9 us,  5.9 sy,  0.0 ni, 83.8 id,  0.0 wa,  4.8 hi,  3.7 si,  0.0 st
%Cpu(s):  2.4 us,  5.9 sy,  0.0 ni, 82.4 id,  0.0 wa,  5.3 hi,  4.0 si,  0.0 st
%Cpu(s):  1.4 us,  4.1 sy,  0.0 ni, 85.2 id,  0.0 wa,  5.2 hi,  4.1 si,  0.0 st
%Cpu(s):  2.6 us,  6.5 sy,  0.0 ni, 81.5 id,  0.0 wa,  5.2 hi,  4.2 si,  0.0 st
%Cpu(s):  1.1 us,  6.9 sy,  0.0 ni, 83.2 id,  0.0 wa,  4.8 hi,  4.0 si,  0.0 st
%Cpu(s):  2.6 us,  6.1 sy,  0.0 ni, 82.4 id,  0.3 wa,  4.7 hi,  3.9 si,  0.0 st
%Cpu(s):  2.9 us,  5.1 sy,  0.0 ni, 83.1 id,  0.0 wa,  5.1 hi,  3.8 si,  0.0 st
%Cpu(s):  3.4 us,  6.5 sy,  0.0 ni, 80.9 id,  0.0 wa,  5.0 hi,  4.2 si,  0.0 st
%Cpu(s):  3.2 us,  5.6 sy,  0.0 ni, 82.8 id,  0.0 wa,  5.0 hi,  3.4 si,  0.0 st
%Cpu(s):  1.9 us,  4.3 sy,  0.0 ni, 84.6 id,  0.0 wa,  5.4 hi,  3.8 si,  0.0 st
%Cpu(s):  2.9 us,  4.5 sy,  0.0 ni, 84.7 id,  0.0 wa,  4.2 hi,  3.7 si,  0.0 st
%Cpu(s):  0.5 us,  5.1 sy,  0.0 ni, 84.0 id,  0.0 wa,  4.9 hi,  5.4 si,  0.0 st
%Cpu(s):  2.3 us,  7.3 sy,  0.0 ni, 81.2 id,  0.0 wa,  5.0 hi,  4.2 si,  0.0 st
%Cpu(s):  1.9 us,  4.7 sy,  0.0 ni, 84.7 id,  0.0 wa,  4.9 hi,  3.8 si,  0.0 st
%Cpu(s):  1.1 us,  7.7 sy,  0.0 ni, 82.0 id,  0.0 wa,  5.3 hi,  4.0 si,  0.0 st
%Cpu(s):  2.6 us,  6.3 sy,  0.0 ni, 81.2 id,  0.3 wa,  5.8 hi,  3.9 si,  0.0 st
%Cpu(s):  2.1 us,  5.6 sy,  0.0 ni, 83.8 id,  0.0 wa,  4.5 hi,  4.0 si,  0.0 st
%Cpu(s):  2.9 us,  5.3 sy,  0.0 ni, 83.4 id,  0.0 wa,  4.7 hi,  3.7 si,  0.0 st
%Cpu(s):  2.1 us,  6.2 sy,  0.0 ni, 84.1 id,  0.0 wa,  4.2 hi,  3.4 si,  0.0 st
%Cpu(s):  3.6 us,  4.9 sy,  0.0 ni, 83.6 id,  0.0 wa,  4.2 hi,  3.6 si,  0.0 st
%Cpu(s):  1.9 us,  6.6 sy,  0.0 ni, 83.2 id,  0.0 wa,  4.8 hi,  3.5 si,  0.0 st
%Cpu(s):  1.9 us,  5.9 sy,  0.0 ni, 84.3 id,  0.0 wa,  4.8 hi,  3.2 si,  0.0 st
%Cpu(s):  1.1 us,  5.9 sy,  0.0 ni, 84.6 id,  0.0 wa,  4.3 hi,  4.3 si,  0.0 st
%Cpu(s):  1.6 us,  5.8 sy,  0.0 ni, 84.9 id,  0.0 wa,  4.8 hi,  2.9 si,  0.0 st
%Cpu(s):  1.8 us,  6.6 sy,  0.0 ni, 84.0 id,  0.0 wa,  4.5 hi,  3.1 si,  0.0 st
%Cpu(s):  0.8 us,  5.1 sy,  0.0 ni, 85.4 id,  0.3 wa,  4.6 hi,  3.8 si,  0.0 st
%Cpu(s):  2.4 us,  4.7 sy,  0.0 ni, 84.2 id,  0.0 wa,  4.7 hi,  3.9 si,  0.0 st
%Cpu(s):  1.6 us,  7.6 sy,  0.0 ni, 82.5 id,  0.0 wa,  5.0 hi,  3.4 si,  0.0 st
%Cpu(s):  2.1 us,  6.0 sy,  0.0 ni, 89.0 id,  0.0 wa,  2.9 hi,  0.0 si,  0.0 st
%Cpu(s):  1.3 us,  3.0 sy,  0.0 ni, 89.7 id,  0.0 wa,  5.8 hi,  0.3 si,  0.0 st
