%Cpu(s):  0.4 us,  0.4 sy,  0.0 ni, 98.9 id,  0.0 wa,  0.1 hi,  0.3 si,  0.0 st
%Cpu(s):  1.3 us,  9.9 sy,  0.0 ni, 82.7 id,  0.0 wa,  0.9 hi,  5.2 si,  0.0 st
%Cpu(s):  0.8 us,  9.7 sy,  0.0 ni, 83.2 id,  0.0 wa,  1.0 hi,  5.3 si,  0.0 st
%Cpu(s):  0.9 us,  8.6 sy,  0.0 ni, 83.3 id,  0.0 wa,  1.1 hi,  6.1 si,  0.0 st
%Cpu(s):  0.9 us,  8.6 sy,  0.0 ni, 83.4 id,  0.0 wa,  1.3 hi,  5.8 si,  0.0 st
%Cpu(s):  0.8 us,  8.2 sy,  0.0 ni, 83.5 id,  0.1 wa,  1.3 hi,  6.1 si,  0.0 st
%Cpu(s):  0.8 us,  8.1 sy,  0.0 ni, 83.9 id,  0.0 wa,  1.3 hi,  6.0 si,  0.0 st
%Cpu(s):  0.9 us,  8.4 sy,  0.0 ni, 83.6 id,  0.1 wa,  1.5 hi,  5.5 si,  0.0 st
%Cpu(s):  0.8 us,  8.3 sy,  0.0 ni, 83.2 id,  0.0 wa,  1.9 hi,  5.8 si,  0.0 st
%Cpu(s):  0.8 us,  8.8 sy,  0.0 ni, 82.9 id,  0.0 wa,  1.1 hi,  6.4 si,  0.0 st
%Cpu(s):  0.9 us,  8.7 sy,  0.0 ni, 83.2 id,  0.0 wa,  1.3 hi,  5.9 si,  0.0 st
%Cpu(s):  1.0 us,  8.0 sy,  0.0 ni, 82.5 id,  0.1 wa,  1.4 hi,  7.0 si,  0.0 st
%Cpu(s):  0.8 us,  8.3 sy,  0.0 ni, 83.1 id,  0.0 wa,  1.5 hi,  6.3 si,  0.0 st
%Cpu(s):  0.9 us,  8.5 sy,  0.0 ni, 83.2 id,  0.0 wa,  1.4 hi,  6.1 si,  0.0 st
%Cpu(s):  0.8 us,  8.6 sy,  0.0 ni, 83.2 id,  0.0 wa,  1.4 hi,  6.1 si,  0.0 st
%Cpu(s):  0.9 us,  7.9 sy,  0.0 ni, 83.2 id,  0.0 wa,  1.4 hi,  6.6 si,  0.0 st
%Cpu(s):  0.8 us,  8.2 sy,  0.0 ni, 82.7 id,  0.1 wa,  1.5 hi,  6.7 si,  0.0 st
%Cpu(s):  0.6 us,  8.3 sy,  0.0 ni, 82.0 id,  0.0 wa,  3.1 hi,  6.0 si,  0.0 st
%Cpu(s):  0.9 us,  8.7 sy,  0.0 ni, 83.2 id,  0.1 wa,  1.3 hi,  5.8 si,  0.0 st
%Cpu(s):  1.0 us,  8.4 sy,  0.0 ni, 82.5 id,  0.0 wa,  1.3 hi,  6.8 si,  0.0 st
%Cpu(s):  1.0 us,  8.7 sy,  0.0 ni, 82.6 id,  0.0 wa,  1.6 hi,  6.0 si,  0.0 st
%Cpu(s):  0.9 us, 11.1 sy,  0.0 ni, 77.8 id,  0.1 wa,  1.4 hi,  8.8 si,  0.0 st
%Cpu(s):  1.0 us, 10.3 sy,  0.0 ni, 78.7 id,  0.0 wa,  1.5 hi,  8.5 si,  0.0 st
%Cpu(s):  0.9 us, 10.3 sy,  0.0 ni, 78.0 id,  0.0 wa,  1.7 hi,  9.1 si,  0.0 st
%Cpu(s):  1.0 us, 11.1 sy,  0.0 ni, 76.7 id,  0.0 wa,  1.9 hi,  9.2 si,  0.0 st
%Cpu(s):  1.1 us, 10.6 sy,  0.0 ni, 77.1 id,  0.0 wa,  1.9 hi,  9.3 si,  0.0 st
%Cpu(s):  0.8 us, 10.1 sy,  0.0 ni, 78.8 id,  0.3 wa,  1.5 hi,  8.5 si,  0.0 st
%Cpu(s):  0.9 us, 11.0 sy,  0.0 ni, 77.9 id,  0.0 wa,  1.4 hi,  8.8 si,  0.0 st
%Cpu(s):  1.2 us, 10.5 sy,  0.0 ni, 77.6 id,  0.0 wa,  1.7 hi,  9.1 si,  0.0 st
%Cpu(s):  0.9 us, 10.2 sy,  0.0 ni, 78.0 id,  0.0 wa,  1.8 hi,  9.1 si,  0.0 st
%Cpu(s):  0.8 us, 10.4 sy,  0.0 ni, 77.8 id,  0.0 wa,  1.8 hi,  9.3 si,  0.0 st
%Cpu(s):  1.4 us, 10.4 sy,  0.0 ni, 77.4 id,  0.3 wa,  2.0 hi,  8.5 si,  0.0 st
%Cpu(s):  1.0 us, 10.8 sy,  0.0 ni, 75.2 id,  2.0 wa,  1.6 hi,  9.4 si,  0.0 st
%Cpu(s):  0.9 us, 10.2 sy,  0.0 ni, 77.6 id,  0.0 wa,  2.0 hi,  9.3 si,  0.0 st
%Cpu(s):  1.0 us, 10.5 sy,  0.0 ni, 77.9 id,  0.0 wa,  1.8 hi,  8.7 si,  0.0 st
%Cpu(s):  0.8 us, 10.5 sy,  0.0 ni, 77.7 id,  0.0 wa,  1.9 hi,  9.2 si,  0.0 st
%Cpu(s):  1.0 us, 10.1 sy,  0.0 ni, 77.6 id,  0.1 wa,  1.8 hi,  9.4 si,  0.0 st
%Cpu(s):  1.0 us, 10.4 sy,  0.0 ni, 76.7 id,  0.0 wa,  2.5 hi,  9.3 si,  0.0 st
%Cpu(s):  0.9 us, 10.5 sy,  0.0 ni, 77.7 id,  0.0 wa,  1.8 hi,  9.1 si,  0.0 st
%Cpu(s):  1.0 us, 10.3 sy,  0.0 ni, 77.9 id,  0.0 wa,  1.9 hi,  8.9 si,  0.0 st
%Cpu(s):  0.8 us, 10.5 sy,  0.0 ni, 77.8 id,  0.0 wa,  1.8 hi,  9.2 si,  0.0 st
%Cpu(s):  1.0 us, 10.1 sy,  0.0 ni, 77.6 id,  0.1 wa,  2.0 hi,  9.1 si,  0.0 st
%Cpu(s):  0.8 us, 10.7 sy,  0.0 ni, 77.1 id,  0.0 wa,  1.9 hi,  9.5 si,  0.0 st
%Cpu(s):  1.3 us, 10.4 sy,  0.0 ni, 76.9 id,  0.0 wa,  2.0 hi,  9.3 si,  0.0 st
%Cpu(s):  0.9 us,  9.9 sy,  0.0 ni, 78.1 id,  0.0 wa,  2.0 hi,  9.1 si,  0.0 st
%Cpu(s):  0.9 us, 10.6 sy,  0.0 ni, 77.1 id,  0.0 wa,  2.2 hi,  9.3 si,  0.0 st
%Cpu(s):  0.8 us, 11.2 sy,  0.0 ni, 77.2 id,  0.1 wa,  1.9 hi,  8.9 si,  0.0 st
%Cpu(s):  1.2 us,  9.8 sy,  0.0 ni, 78.1 id,  0.0 wa,  2.0 hi,  8.8 si,  0.0 st
%Cpu(s):  0.8 us, 10.6 sy,  0.0 ni, 77.4 id,  0.0 wa,  1.9 hi,  9.4 si,  0.0 st
%Cpu(s):  1.0 us, 10.4 sy,  0.0 ni, 77.7 id,  0.0 wa,  2.0 hi,  8.8 si,  0.0 st
%Cpu(s):  0.9 us, 10.6 sy,  0.0 ni, 77.3 id,  0.0 wa,  2.0 hi,  9.2 si,  0.0 st
%Cpu(s):  1.3 us, 10.3 sy,  0.0 ni, 77.1 id,  0.1 wa,  2.3 hi,  9.0 si,  0.0 st
%Cpu(s):  0.8 us,  9.7 sy,  0.0 ni, 78.9 id,  0.0 wa,  1.7 hi,  9.0 si,  0.0 st
%Cpu(s):  0.8 us, 10.2 sy,  0.0 ni, 77.6 id,  0.0 wa,  2.2 hi,  9.3 si,  0.0 st
%Cpu(s):  0.8 us, 10.3 sy,  0.0 ni, 78.1 id,  0.0 wa,  1.9 hi,  8.9 si,  0.0 st
%Cpu(s):  0.9 us, 10.6 sy,  0.0 ni, 77.7 id,  0.0 wa,  1.9 hi,  8.9 si,  0.0 st
%Cpu(s):  0.9 us, 10.5 sy,  0.0 ni, 77.5 id,  0.1 wa,  2.0 hi,  8.9 si,  0.0 st
%Cpu(s):  1.3 us, 10.9 sy,  0.0 ni, 76.7 id,  0.0 wa,  1.9 hi,  9.2 si,  0.0 st
%Cpu(s):  0.8 us, 10.5 sy,  0.0 ni, 77.5 id,  0.0 wa,  2.2 hi,  9.0 si,  0.0 st
%Cpu(s):  0.9 us, 10.1 sy,  0.0 ni, 78.1 id,  0.0 wa,  1.9 hi,  9.0 si,  0.0 st
%Cpu(s):  0.9 us, 10.5 sy,  0.0 ni, 76.9 id,  0.0 wa,  2.3 hi,  9.4 si,  0.0 st
%Cpu(s):  1.0 us, 11.1 sy,  0.0 ni, 76.8 id,  0.1 wa,  1.8 hi,  9.2 si,  0.0 st
%Cpu(s):  1.0 us, 11.0 sy,  0.0 ni, 74.0 id,  3.0 wa,  1.9 hi,  9.0 si,  0.0 st
%Cpu(s):  0.9 us, 10.2 sy,  0.0 ni, 77.7 id,  0.0 wa,  2.0 hi,  9.2 si,  0.0 st
%Cpu(s):  1.0 us, 10.5 sy,  0.0 ni, 76.8 id,  0.0 wa,  2.2 hi,  9.5 si,  0.0 st
%Cpu(s):  0.9 us, 10.0 sy,  0.0 ni, 78.3 id,  0.0 wa,  1.9 hi,  8.9 si,  0.0 st
%Cpu(s):  1.0 us, 10.1 sy,  0.0 ni, 77.5 id,  0.1 wa,  2.0 hi,  9.3 si,  0.0 st
%Cpu(s):  1.1 us, 10.3 sy,  0.0 ni, 77.5 id,  0.0 wa,  2.0 hi,  9.0 si,  0.0 st
%Cpu(s):  1.0 us, 10.2 sy,  0.0 ni, 78.0 id,  0.0 wa,  1.9 hi,  8.8 si,  0.0 st
%Cpu(s):  0.9 us,  9.9 sy,  0.0 ni, 77.7 id,  0.0 wa,  2.2 hi,  9.3 si,  0.0 st
%Cpu(s):  0.8 us, 10.3 sy,  0.0 ni, 78.0 id,  0.0 wa,  1.9 hi,  9.0 si,  0.0 st
%Cpu(s):  1.0 us,  9.9 sy,  0.0 ni, 77.8 id,  0.1 wa,  2.0 hi,  9.1 si,  0.0 st
%Cpu(s):  0.8 us, 10.3 sy,  0.0 ni, 78.1 id,  0.0 wa,  1.9 hi,  8.9 si,  0.0 st
%Cpu(s):  1.0 us, 10.5 sy,  0.0 ni, 77.0 id,  0.1 wa,  2.3 hi,  9.0 si,  0.0 st
%Cpu(s):  1.1 us, 10.2 sy,  0.0 ni, 78.0 id,  0.0 wa,  1.8 hi,  8.9 si,  0.0 st
%Cpu(s):  1.0 us, 10.1 sy,  0.0 ni, 77.7 id,  0.0 wa,  1.9 hi,  9.2 si,  0.0 st
%Cpu(s):  0.9 us, 10.6 sy,  0.0 ni, 76.7 id,  0.1 wa,  2.0 hi,  9.6 si,  0.0 st
%Cpu(s):  0.9 us, 10.3 sy,  0.0 ni, 78.7 id,  0.1 wa,  1.9 hi,  8.1 si,  0.0 st
%Cpu(s):  1.2 us, 10.0 sy,  0.0 ni, 77.8 id,  0.0 wa,  2.1 hi,  9.0 si,  0.0 st
%Cpu(s):  1.1 us, 10.5 sy,  0.0 ni, 77.3 id,  0.0 wa,  2.0 hi,  9.0 si,  0.0 st
%Cpu(s):  1.1 us, 10.8 sy,  0.0 ni, 76.9 id,  0.0 wa,  2.2 hi,  9.0 si,  0.0 st
%Cpu(s):  0.9 us, 10.0 sy,  0.0 ni, 77.9 id,  0.1 wa,  2.0 hi,  9.1 si,  0.0 st
%Cpu(s):  1.0 us, 10.2 sy,  0.0 ni, 78.1 id,  0.0 wa,  1.8 hi,  8.9 si,  0.0 st
%Cpu(s):  0.9 us,  9.9 sy,  0.0 ni, 78.6 id,  0.0 wa,  2.2 hi,  8.5 si,  0.0 st
%Cpu(s):  0.8 us, 10.7 sy,  0.0 ni, 77.5 id,  0.0 wa,  1.9 hi,  9.2 si,  0.0 st
%Cpu(s):  1.5 us, 10.6 sy,  0.0 ni, 76.6 id,  0.0 wa,  1.9 hi,  9.3 si,  0.0 st
%Cpu(s):  0.9 us,  9.9 sy,  0.0 ni, 77.4 id,  0.1 wa,  2.0 hi,  9.7 si,  0.0 st
%Cpu(s):  0.8 us, 10.7 sy,  0.0 ni, 78.1 id,  0.0 wa,  2.0 hi,  8.4 si,  0.0 st
%Cpu(s):  0.8 us, 10.7 sy,  0.0 ni, 77.5 id,  0.0 wa,  1.9 hi,  9.1 si,  0.0 st
%Cpu(s):  1.0 us, 10.2 sy,  0.0 ni, 77.7 id,  0.0 wa,  2.0 hi,  9.1 si,  0.0 st
%Cpu(s):  0.9 us, 10.7 sy,  0.0 ni, 77.3 id,  0.0 wa,  2.0 hi,  9.0 si,  0.0 st
%Cpu(s):  0.9 us, 10.8 sy,  0.0 ni, 76.7 id,  0.3 wa,  2.0 hi,  9.3 si,  0.0 st
%Cpu(s):  0.9 us,  9.9 sy,  0.0 ni, 74.4 id,  3.3 wa,  2.1 hi,  9.4 si,  0.0 st
%Cpu(s):  0.9 us, 10.1 sy,  0.0 ni, 77.8 id,  0.0 wa,  1.9 hi,  9.2 si,  0.0 st
%Cpu(s):  0.9 us,  9.9 sy,  0.0 ni, 77.8 id,  0.0 wa,  2.2 hi,  9.2 si,  0.0 st
%Cpu(s):  1.0 us, 10.0 sy,  0.0 ni, 77.5 id,  0.1 wa,  2.0 hi,  9.3 si,  0.0 st
%Cpu(s):  1.0 us, 10.5 sy,  0.0 ni, 77.8 id,  0.1 wa,  1.9 hi,  8.7 si,  0.0 st
%Cpu(s):  1.0 us, 10.6 sy,  0.0 ni, 76.7 id,  0.0 wa,  2.0 hi,  9.7 si,  0.0 st
%Cpu(s):  1.0 us, 10.8 sy,  0.0 ni, 77.1 id,  0.0 wa,  2.0 hi,  9.1 si,  0.0 st
%Cpu(s):  1.0 us, 10.1 sy,  0.0 ni, 77.8 id,  0.0 wa,  1.9 hi,  9.1 si,  0.0 st
%Cpu(s):  0.6 us, 10.6 sy,  0.0 ni, 77.5 id,  0.0 wa,  2.4 hi,  8.9 si,  0.0 st
%Cpu(s):  0.6 us, 10.0 sy,  0.0 ni, 78.2 id,  0.0 wa,  1.8 hi,  9.3 si,  0.0 st
%Cpu(s):  1.4 us, 10.6 sy,  0.0 ni, 76.6 id,  0.0 wa,  2.0 hi,  9.3 si,  0.0 st
%Cpu(s):  0.9 us, 10.3 sy,  0.0 ni, 77.4 id,  0.0 wa,  1.9 hi,  9.5 si,  0.0 st
%Cpu(s):  0.6 us, 10.2 sy,  0.0 ni, 78.0 id,  0.1 wa,  2.1 hi,  9.0 si,  0.0 st
%Cpu(s):  0.9 us,  9.8 sy,  0.0 ni, 77.9 id,  0.0 wa,  2.4 hi,  8.9 si,  0.0 st
%Cpu(s):  0.9 us,  9.7 sy,  0.0 ni, 78.1 id,  0.1 wa,  1.8 hi,  9.3 si,  0.0 st
%Cpu(s):  0.9 us, 10.2 sy,  0.0 ni, 77.1 id,  0.0 wa,  1.9 hi,  9.8 si,  0.0 st
%Cpu(s):  0.9 us, 10.5 sy,  0.0 ni, 78.3 id,  0.0 wa,  1.9 hi,  8.4 si,  0.0 st
%Cpu(s):  1.3 us, 10.9 sy,  0.0 ni, 77.1 id,  0.0 wa,  2.0 hi,  8.7 si,  0.0 st
%Cpu(s):  0.9 us, 10.5 sy,  0.0 ni, 77.9 id,  0.0 wa,  1.9 hi,  8.8 si,  0.0 st
%Cpu(s):  0.6 us, 10.3 sy,  0.0 ni, 77.7 id,  0.1 wa,  2.0 hi,  9.2 si,  0.0 st
%Cpu(s):  0.8 us, 10.4 sy,  0.0 ni, 77.3 id,  0.0 wa,  2.3 hi,  9.3 si,  0.0 st
%Cpu(s):  0.9 us, 10.7 sy,  0.0 ni, 77.2 id,  0.0 wa,  1.9 hi,  9.4 si,  0.0 st
%Cpu(s):  0.9 us, 10.2 sy,  0.0 ni, 78.2 id,  0.0 wa,  1.9 hi,  8.7 si,  0.0 st
%Cpu(s):  1.0 us, 10.7 sy,  0.0 ni, 76.9 id,  0.0 wa,  2.0 hi,  9.3 si,  0.0 st
%Cpu(s):  1.1 us, 10.3 sy,  0.0 ni, 77.2 id,  0.1 wa,  2.0 hi,  9.2 si,  0.0 st
%Cpu(s):  0.6 us, 10.5 sy,  0.0 ni, 77.8 id,  0.0 wa,  2.0 hi,  9.0 si,  0.0 st
%Cpu(s):  0.8 us, 10.4 sy,  0.0 ni, 78.0 id,  0.0 wa,  1.9 hi,  9.0 si,  0.0 st
%Cpu(s):  0.9 us, 10.2 sy,  0.0 ni, 77.0 id,  0.0 wa,  1.9 hi, 10.1 si,  0.0 st
%Cpu(s):  1.1 us,  9.9 sy,  0.0 ni, 78.6 id,  0.0 wa,  1.9 hi,  8.5 si,  0.0 st
%Cpu(s):  0.9 us,  8.8 sy,  0.0 ni, 82.1 id,  0.0 wa,  1.6 hi,  6.6 si,  0.0 st
%Cpu(s):  0.7 us,  8.7 sy,  0.0 ni, 81.6 id,  0.5 wa,  1.6 hi,  6.8 si,  0.0 st
%Cpu(s):  0.9 us,  8.3 sy,  0.0 ni, 80.5 id,  2.9 wa,  1.7 hi,  5.7 si,  0.0 st
%Cpu(s):  0.8 us,  8.3 sy,  0.0 ni, 83.3 id,  0.1 wa,  1.5 hi,  5.9 si,  0.0 st
%Cpu(s):  0.8 us,  8.5 sy,  0.0 ni, 83.5 id,  0.0 wa,  1.5 hi,  5.8 si,  0.0 st
%Cpu(s):  0.6 us,  8.6 sy,  0.0 ni, 82.0 id,  0.0 wa,  2.7 hi,  6.0 si,  0.0 st
%Cpu(s):  1.0 us,  8.1 sy,  0.0 ni, 83.6 id,  0.0 wa,  1.1 hi,  6.1 si,  0.0 st
%Cpu(s):  0.8 us,  8.3 sy,  0.0 ni, 83.0 id,  0.0 wa,  1.4 hi,  6.5 si,  0.0 st
%Cpu(s):  0.8 us,  8.3 sy,  0.0 ni, 82.7 id,  0.0 wa,  1.5 hi,  6.8 si,  0.0 st
%Cpu(s):  0.6 us,  8.4 sy,  0.0 ni, 83.8 id,  0.1 wa,  1.3 hi,  5.8 si,  0.0 st
%Cpu(s):  0.6 us,  8.3 sy,  0.0 ni, 83.4 id,  0.1 wa,  1.5 hi,  5.9 si,  0.0 st
%Cpu(s):  0.8 us,  7.8 sy,  0.0 ni, 83.1 id,  0.0 wa,  1.4 hi,  6.9 si,  0.0 st
%Cpu(s):  1.0 us,  8.6 sy,  0.0 ni, 82.8 id,  0.0 wa,  1.8 hi,  5.8 si,  0.0 st
%Cpu(s):  0.9 us,  8.4 sy,  0.0 ni, 82.6 id,  0.0 wa,  2.0 hi,  6.1 si,  0.0 st
%Cpu(s):  0.8 us,  8.0 sy,  0.0 ni, 83.3 id,  0.0 wa,  1.4 hi,  6.6 si,  0.0 st
%Cpu(s):  0.8 us,  8.4 sy,  0.0 ni, 83.1 id,  0.0 wa,  1.5 hi,  6.2 si,  0.0 st
%Cpu(s):  0.6 us,  8.3 sy,  0.0 ni, 83.2 id,  0.0 wa,  1.4 hi,  6.4 si,  0.0 st
%Cpu(s):  0.6 us,  8.5 sy,  0.0 ni, 82.1 id,  0.1 wa,  1.5 hi,  7.2 si,  0.0 st
%Cpu(s):  1.0 us,  9.0 sy,  0.0 ni, 82.7 id,  0.0 wa,  1.6 hi,  5.7 si,  0.0 st
%Cpu(s):  0.9 us,  6.4 sy,  0.0 ni, 87.1 id,  0.0 wa,  1.1 hi,  4.4 si,  0.0 st
%Cpu(s):  2.5 us,  2.6 sy,  0.1 ni, 94.4 id,  0.0 wa,  0.3 hi,  0.1 si,  0.0 st
%Cpu(s):  0.9 us,  0.9 sy,  0.0 ni, 98.0 id,  0.0 wa,  0.1 hi,  0.1 si,  0.0 st
%Cpu(s):  0.2 us,  0.2 sy,  0.0 ni, 99.3 id,  0.0 wa,  0.0 hi,  0.2 si,  0.0 st
