%Cpu(s):  0.3 us,  0.4 sy,  0.0 ni, 98.6 id,  0.0 wa,  0.5 hi,  0.2 si,  0.0 st
%Cpu(s):  3.0 us,  5.4 sy,  0.0 ni, 83.3 id,  0.0 wa,  3.5 hi,  4.8 si,  0.0 st
%Cpu(s):  2.2 us,  7.3 sy,  0.0 ni, 83.5 id,  0.0 wa,  3.2 hi,  3.8 si,  0.0 st
%Cpu(s):  1.6 us,  7.5 sy,  0.0 ni, 82.9 id,  0.0 wa,  2.9 hi,  5.2 si,  0.0 st
%Cpu(s):  3.0 us,  6.2 sy,  0.0 ni, 84.6 id,  0.0 wa,  3.3 hi,  3.0 si,  0.0 st
%Cpu(s):  1.6 us,  5.7 sy,  0.0 ni, 84.9 id,  0.0 wa,  3.0 hi,  4.9 si,  0.0 st
%Cpu(s):  3.2 us,  7.2 sy,  0.0 ni, 83.5 id,  0.0 wa,  3.2 hi,  2.9 si,  0.0 st
%Cpu(s):  2.2 us,  5.4 sy,  0.0 ni, 84.4 id,  0.0 wa,  3.5 hi,  4.6 si,  0.0 st
%Cpu(s):  2.4 us,  6.6 sy,  0.0 ni, 83.5 id,  0.0 wa,  3.1 hi,  4.5 si,  0.0 st
%Cpu(s):  2.9 us,  5.3 sy,  0.0 ni, 83.6 id,  0.0 wa,  4.0 hi,  4.2 si,  0.0 st
%Cpu(s):  2.3 us,  7.0 sy,  0.0 ni, 82.4 id,  0.0 wa,  3.9 hi,  4.4 si,  0.0 st
%Cpu(s):  1.3 us,  6.4 sy,  0.0 ni, 83.2 id,  0.0 wa,  4.3 hi,  4.8 si,  0.0 st
%Cpu(s):  1.9 us,  6.1 sy,  0.0 ni, 82.7 id,  0.0 wa,  5.1 hi,  4.3 si,  0.0 st
%Cpu(s):  2.4 us,  5.3 sy,  0.0 ni, 83.2 id,  0.5 wa,  4.3 hi,  4.3 si,  0.0 st
%Cpu(s):  2.4 us,  6.8 sy,  0.0 ni, 80.8 id,  0.0 wa,  5.5 hi,  4.5 si,  0.0 st
%Cpu(s):  1.6 us,  4.9 sy,  0.0 ni, 83.9 id,  0.0 wa,  5.4 hi,  4.1 si,  0.0 st
%Cpu(s):  2.9 us,  7.1 sy,  0.0 ni, 81.2 id,  0.0 wa,  4.5 hi,  4.5 si,  0.0 st
%Cpu(s):  1.3 us,  7.1 sy,  0.0 ni, 82.9 id,  0.0 wa,  4.7 hi,  3.9 si,  0.0 st
%Cpu(s):  3.2 us,  5.3 sy,  0.0 ni, 82.0 id,  0.0 wa,  5.0 hi,  4.5 si,  0.0 st
%Cpu(s):  1.8 us,  7.6 sy,  0.0 ni, 80.7 id,  0.0 wa,  5.0 hi,  5.0 si,  0.0 st
%Cpu(s):  1.1 us,  5.9 sy,  0.0 ni, 84.1 id,  0.0 wa,  5.1 hi,  3.8 si,  0.0 st
%Cpu(s):  4.0 us,  7.1 sy,  0.0 ni, 79.8 id,  0.0 wa,  4.0 hi,  5.1 si,  0.0 st
%Cpu(s):  1.4 us,  5.7 sy,  0.0 ni, 84.0 id,  0.0 wa,  4.3 hi,  4.6 si,  0.0 st
%Cpu(s):  3.5 us,  4.8 sy,  0.0 ni, 82.7 id,  0.0 wa,  5.1 hi,  4.0 si,  0.0 st
%Cpu(s):  3.4 us,  6.0 sy,  0.0 ni, 80.9 id,  0.0 wa,  5.5 hi,  4.2 si,  0.0 st
%Cpu(s):  2.1 us,  6.1 sy,  0.0 ni, 82.3 id,  0.0 wa,  5.0 hi,  4.5 si,  0.0 st
%Cpu(s):  3.3 us,  3.8 sy,  0.0 ni, 83.5 id,  0.0 wa,  4.9 hi,  4.6 si,  0.0 st
%Cpu(s):  2.9 us,  6.6 sy,  0.0 ni, 80.4 id,  0.0 wa,  5.3 hi,  4.8 si,  0.0 st
%Cpu(s):  2.6 us,  6.6 sy,  0.0 ni, 82.2 id,  0.0 wa,  4.5 hi,  4.2 si,  0.0 st
%Cpu(s):  3.2 us,  5.1 sy,  0.0 ni, 81.9 id,  0.0 wa,  5.3 hi,  4.5 si,  0.0 st
%Cpu(s):  2.1 us,  6.4 sy,  0.0 ni, 81.3 id,  0.0 wa,  5.3 hi,  4.8 si,  0.0 st
%Cpu(s):  3.7 us,  5.0 sy,  0.0 ni, 82.8 id,  0.0 wa,  4.5 hi,  4.0 si,  0.0 st
%Cpu(s):  1.1 us,  5.8 sy,  0.0 ni, 83.0 id,  0.0 wa,  5.6 hi,  4.5 si,  0.0 st
%Cpu(s):  3.4 us,  4.7 sy,  0.0 ni, 83.1 id,  0.3 wa,  4.0 hi,  4.5 si,  0.0 st
%Cpu(s):  2.1 us,  6.5 sy,  0.0 ni, 82.7 id,  0.0 wa,  4.5 hi,  4.2 si,  0.0 st
%Cpu(s):  2.8 us,  6.5 sy,  0.0 ni, 81.3 id,  0.0 wa,  4.7 hi,  4.7 si,  0.0 st
%Cpu(s):  4.0 us,  4.5 sy,  0.0 ni, 80.7 id,  1.6 wa,  4.7 hi,  4.5 si,  0.0 st
%Cpu(s):  2.7 us,  4.9 sy,  0.0 ni, 83.2 id,  0.0 wa,  5.1 hi,  4.1 si,  0.0 st
%Cpu(s):  3.9 us,  6.8 sy,  0.0 ni, 80.5 id,  0.0 wa,  4.7 hi,  4.2 si,  0.0 st
%Cpu(s):  2.6 us,  6.5 sy,  0.0 ni, 82.3 id,  0.0 wa,  4.2 hi,  4.4 si,  0.0 st
%Cpu(s):  4.2 us,  5.7 sy,  0.0 ni, 81.8 id,  0.0 wa,  3.9 hi,  4.4 si,  0.0 st
%Cpu(s):  3.1 us,  5.4 sy,  0.0 ni, 86.0 id,  0.3 wa,  3.9 hi,  1.3 si,  0.0 st
%Cpu(s):  2.5 us,  2.5 sy,  0.0 ni, 93.2 id,  0.0 wa,  1.8 hi,  0.0 si,  0.0 st
