%Cpu(s):  0.3 us,  0.4 sy,  0.0 ni, 98.6 id,  0.0 wa,  0.5 hi,  0.2 si,  0.0 st
%Cpu(s):  1.6 us,  6.1 sy,  0.0 ni, 83.6 id,  0.0 wa,  3.4 hi,  5.3 si,  0.0 st
%Cpu(s):  1.6 us,  6.6 sy,  0.0 ni, 81.8 id,  0.0 wa,  4.5 hi,  5.5 si,  0.0 st
%Cpu(s):  0.5 us,  6.5 sy,  0.0 ni, 83.1 id,  0.0 wa,  4.8 hi,  5.1 si,  0.0 st
%Cpu(s):  2.1 us,  5.5 sy,  0.0 ni, 82.7 id,  0.0 wa,  4.5 hi,  5.2 si,  0.0 st
%Cpu(s):  1.3 us,  7.1 sy,  0.0 ni, 82.9 id,  0.0 wa,  3.7 hi,  5.0 si,  0.0 st
%Cpu(s):  1.1 us,  6.7 sy,  0.0 ni, 83.7 id,  0.0 wa,  4.5 hi,  4.0 si,  0.0 st
%Cpu(s):  2.1 us,  5.1 sy,  0.0 ni, 83.8 id,  0.0 wa,  4.8 hi,  4.3 si,  0.0 st
%Cpu(s):  3.4 us,  4.2 sy,  0.0 ni, 83.6 id,  0.0 wa,  4.0 hi,  4.7 si,  0.0 st
%Cpu(s):  1.1 us,  5.6 sy,  0.0 ni, 84.3 id,  0.0 wa,  4.3 hi,  4.8 si,  0.0 st
%Cpu(s):  1.9 us,  5.4 sy,  0.0 ni, 83.9 id,  0.0 wa,  4.3 hi,  4.6 si,  0.0 st
%Cpu(s):  2.4 us,  6.3 sy,  0.0 ni, 81.3 id,  0.0 wa,  4.7 hi,  5.3 si,  0.0 st
%Cpu(s):  1.9 us,  5.4 sy,  0.0 ni, 81.2 id,  0.0 wa,  5.7 hi,  5.7 si,  0.0 st
%Cpu(s):  1.4 us,  5.4 sy,  0.0 ni, 83.2 id,  0.0 wa,  5.4 hi,  4.6 si,  0.0 st
%Cpu(s):  1.6 us,  8.1 sy,  0.0 ni, 78.7 id,  0.0 wa,  5.5 hi,  6.0 si,  0.0 st
%Cpu(s):  2.9 us,  6.1 sy,  0.0 ni, 79.8 id,  0.3 wa,  5.8 hi,  5.0 si,  0.0 st
%Cpu(s):  0.8 us,  6.3 sy,  0.0 ni, 82.5 id,  0.0 wa,  5.5 hi,  4.9 si,  0.0 st
%Cpu(s):  2.1 us,  5.4 sy,  0.0 ni, 82.0 id,  0.0 wa,  5.4 hi,  5.1 si,  0.0 st
%Cpu(s):  1.8 us,  7.1 sy,  0.0 ni, 82.2 id,  0.0 wa,  4.7 hi,  4.2 si,  0.0 st
%Cpu(s):  1.1 us,  7.4 sy,  0.0 ni, 81.8 id,  0.0 wa,  5.0 hi,  4.7 si,  0.0 st
%Cpu(s):  1.8 us,  7.1 sy,  0.0 ni, 81.1 id,  0.3 wa,  5.3 hi,  4.5 si,  0.0 st
%Cpu(s):  2.7 us,  4.6 sy,  0.0 ni, 83.9 id,  0.0 wa,  4.6 hi,  4.3 si,  0.0 st
%Cpu(s):  2.6 us,  5.0 sy,  0.0 ni, 82.5 id,  0.0 wa,  4.8 hi,  5.0 si,  0.0 st
%Cpu(s):  1.6 us,  4.6 sy,  0.0 ni, 84.2 id,  0.0 wa,  5.4 hi,  4.1 si,  0.0 st
%Cpu(s):  1.9 us,  5.4 sy,  0.0 ni, 84.2 id,  0.0 wa,  4.6 hi,  4.0 si,  0.0 st
%Cpu(s):  1.1 us,  4.9 sy,  0.0 ni, 84.0 id,  0.0 wa,  5.7 hi,  4.3 si,  0.0 st
%Cpu(s):  1.9 us,  5.6 sy,  0.0 ni, 83.3 id,  0.0 wa,  4.5 hi,  4.8 si,  0.0 st
%Cpu(s):  1.1 us,  7.7 sy,  0.0 ni, 81.3 id,  0.0 wa,  5.5 hi,  4.5 si,  0.0 st
%Cpu(s):  2.4 us,  6.8 sy,  0.0 ni, 82.2 id,  0.0 wa,  5.0 hi,  3.7 si,  0.0 st
%Cpu(s):  2.1 us,  6.5 sy,  0.0 ni, 82.2 id,  0.0 wa,  4.2 hi,  5.0 si,  0.0 st
%Cpu(s):  1.9 us,  6.4 sy,  0.0 ni, 82.7 id,  0.0 wa,  5.1 hi,  4.0 si,  0.0 st
%Cpu(s):  0.5 us,  7.7 sy,  0.0 ni, 81.1 id,  0.0 wa,  5.9 hi,  4.8 si,  0.0 st
%Cpu(s):  0.5 us,  7.1 sy,  0.0 ni, 83.9 id,  0.0 wa,  4.2 hi,  4.2 si,  0.0 st
%Cpu(s):  1.4 us,  5.2 sy,  0.0 ni, 84.8 id,  0.0 wa,  4.6 hi,  4.1 si,  0.0 st
%Cpu(s):  2.4 us,  5.5 sy,  0.0 ni, 82.7 id,  0.0 wa,  4.7 hi,  4.7 si,  0.0 st
%Cpu(s):  1.1 us,  5.4 sy,  0.0 ni, 84.5 id,  0.0 wa,  5.4 hi,  3.5 si,  0.0 st
%Cpu(s):  1.3 us,  6.8 sy,  0.0 ni, 82.7 id,  0.3 wa,  4.5 hi,  4.5 si,  0.0 st
%Cpu(s):  1.1 us,  6.9 sy,  0.0 ni, 83.1 id,  0.0 wa,  4.7 hi,  4.2 si,  0.0 st
%Cpu(s):  1.6 us,  6.4 sy,  0.0 ni, 83.8 id,  0.0 wa,  4.2 hi,  4.0 si,  0.0 st
%Cpu(s):  1.6 us,  6.0 sy,  0.0 ni, 83.1 id,  0.0 wa,  4.2 hi,  5.2 si,  0.0 st
%Cpu(s):  2.4 us,  4.3 sy,  0.0 ni, 84.0 id,  0.0 wa,  4.9 hi,  4.3 si,  0.0 st
%Cpu(s):  2.7 us,  6.4 sy,  0.0 ni, 82.5 id,  0.0 wa,  5.0 hi,  3.4 si,  0.0 st
%Cpu(s):  1.5 us,  2.5 sy,  0.0 ni, 94.0 id,  0.0 wa,  1.5 hi,  0.5 si,  0.0 st
